#Theoretical Design Spectrum of Semrock LP02-1064RE Optical Filter
#Data format:  Wavelength (nm) <tab> Transmission (0 to 1)
900.0	1.0e-07
900.2	1.0e-07
900.4	1.0e-07
900.6	1.0e-07
900.8	1.0e-07
901.0	1.0e-07
901.2	1.0e-07
901.4	1.0e-07
901.6	1.0e-07
901.8	1.0e-07
902.0	1.0e-07
902.2	1.0e-07
902.4	1.0e-07
902.6	1.0e-07
902.8	1.0e-07
903.0	1.0e-07
903.2	1.0e-07
903.4	1.0e-07
903.6	1.0e-07
903.8	1.0e-07
904.0	1.0e-07
904.2	1.0e-07
904.4	1.0e-07
904.6	1.0e-07
904.8	1.0e-07
905.0	1.0e-07
905.2	1.0e-07
905.4	1.0e-07
905.6	1.0e-07
905.8	1.0e-07
906.0	1.0e-07
906.2	1.0e-07
906.4	1.0e-07
906.6	1.0e-07
906.8	1.0e-07
907.0	1.0e-07
907.2	1.0e-07
907.4	1.0e-07
907.6	1.0e-07
907.8	1.0e-07
908.0	1.0e-07
908.2	1.0e-07
908.4	1.0e-07
908.6	1.0e-07
908.8	1.0e-07
909.0	1.0e-07
909.2	1.0e-07
909.4	1.0e-07
909.6	1.0e-07
909.8	1.0e-07
910.0	1.0e-07
910.2	1.0e-07
910.4	1.0e-07
910.6	1.0e-07
910.8	1.0e-07
911.0	1.0e-07
911.2	1.0e-07
911.4	1.0e-07
911.6	1.0e-07
911.8	1.0e-07
912.0	1.0e-07
912.2	1.0e-07
912.4	1.0e-07
912.6	1.0e-07
912.8	1.0e-07
913.0	1.0e-07
913.2	1.0e-07
913.4	1.0e-07
913.6	1.0e-07
913.8	1.0e-07
914.0	1.0e-07
914.2	1.0e-07
914.4	1.0e-07
914.6	1.0e-07
914.8	1.0e-07
915.0	1.0e-07
915.2	1.0e-07
915.4	1.0e-07
915.6	1.0e-07
915.8	1.0e-07
916.0	1.0e-07
916.2	1.0e-07
916.4	1.0e-07
916.6	1.0e-07
916.8	1.0e-07
917.0	1.0e-07
917.2	1.0e-07
917.4	1.0e-07
917.6	1.0e-07
917.8	1.0e-07
918.0	1.0e-07
918.2	1.0e-07
918.4	1.0e-07
918.6	1.0e-07
918.8	1.0e-07
919.0	1.0e-07
919.2	1.0e-07
919.4	1.0e-07
919.6	1.0e-07
919.8	1.0e-07
920.0	1.0e-07
920.2	1.0e-07
920.4	1.0e-07
920.6	1.0e-07
920.8	1.0e-07
921.0	1.0e-07
921.2	1.0e-07
921.4	1.0e-07
921.6	1.0e-07
921.8	1.0e-07
922.0	1.0e-07
922.2	1.0e-07
922.4	1.0e-07
922.6	1.0e-07
922.8	1.0e-07
923.0	1.0e-07
923.2	1.0e-07
923.4	1.0e-07
923.6	1.0e-07
923.8	1.0e-07
924.0	1.0e-07
924.2	1.0e-07
924.4	1.0e-07
924.6	1.0e-07
924.8	1.0e-07
925.0	1.0e-07
925.2	1.0e-07
925.4	1.0e-07
925.6	1.0e-07
925.8	1.0e-07
926.0	1.0e-07
926.2	1.0e-07
926.4	1.0e-07
926.6	1.0e-07
926.8	1.0e-07
927.0	1.0e-07
927.2	1.0e-07
927.4	1.0e-07
927.6	1.0e-07
927.8	1.0e-07
928.0	1.0e-07
928.2	1.0e-07
928.4	1.0e-07
928.6	1.0e-07
928.8	1.0e-07
929.0	1.0e-07
929.2	1.0e-07
929.4	1.0e-07
929.6	1.0e-07
929.8	1.0e-07
930.0	1.0e-07
930.2	1.0e-07
930.4	1.0e-07
930.6	1.0e-07
930.8	1.0e-07
931.0	1.0e-07
931.2	1.0e-07
931.4	1.0e-07
931.6	1.0e-07
931.8	1.0e-07
932.0	1.0e-07
932.2	1.0e-07
932.4	1.0e-07
932.6	1.0e-07
932.8	1.0e-07
933.0	1.0e-07
933.2	1.0e-07
933.4	1.0e-07
933.6	1.0e-07
933.8	1.0e-07
934.0	1.0e-07
934.2	1.0e-07
934.4	1.0e-07
934.6	1.0e-07
934.8	1.0e-07
935.0	1.0e-07
935.2	1.0e-07
935.4	1.0e-07
935.6	1.0e-07
935.8	1.0e-07
936.0	1.0e-07
936.2	1.0e-07
936.4	1.0e-07
936.6	1.0e-07
936.8	1.0e-07
937.0	1.0e-07
937.2	1.0e-07
937.4	1.0e-07
937.6	1.0e-07
937.8	1.0e-07
938.0	1.0e-07
938.2	1.0e-07
938.4	1.0e-07
938.6	1.0e-07
938.8	1.0e-07
939.0	1.0e-07
939.2	1.0e-07
939.4	1.0e-07
939.6	1.0e-07
939.8	1.0e-07
940.0	1.0e-07
940.2	1.0e-07
940.4	1.0e-07
940.6	1.0e-07
940.8	1.0e-07
941.0	1.0e-07
941.2	1.0e-07
941.4	1.0e-07
941.6	1.0e-07
941.8	1.0e-07
942.0	1.0e-07
942.2	1.0e-07
942.4	1.0e-07
942.6	1.0e-07
942.8	1.0e-07
943.0	1.0e-07
943.2	1.0e-07
943.4	1.0e-07
943.6	1.0e-07
943.8	1.0e-07
944.0	1.0e-07
944.2	1.0e-07
944.4	1.0e-07
944.6	1.0e-07
944.8	1.0e-07
945.0	1.0e-07
945.2	1.0e-07
945.4	1.0e-07
945.6	1.0e-07
945.8	1.0e-07
946.0	1.0e-07
946.2	1.0e-07
946.4	1.0e-07
946.6	1.0e-07
946.8	1.0e-07
947.0	1.0e-07
947.2	1.0e-07
947.4	1.0e-07
947.6	1.0e-07
947.8	1.0e-07
948.0	1.0e-07
948.2	1.0e-07
948.4	1.0e-07
948.6	1.0e-07
948.8	1.0e-07
949.0	1.0e-07
949.2	1.0e-07
949.4	1.0e-07
949.6	1.0e-07
949.8	1.0e-07
950.0	1.0e-07
950.2	1.0e-07
950.4	1.0e-07
950.6	1.0e-07
950.8	1.0e-07
951.0	1.0e-07
951.2	1.0e-07
951.4	1.0e-07
951.6	1.0e-07
951.8	1.0e-07
952.0	1.0e-07
952.2	1.0e-07
952.4	1.0e-07
952.6	1.0e-07
952.8	1.0e-07
953.0	1.0e-07
953.2	1.0e-07
953.4	1.0e-07
953.6	1.0e-07
953.8	1.0e-07
954.0	1.0e-07
954.2	1.0e-07
954.4	1.0e-07
954.6	1.0e-07
954.8	1.0e-07
955.0	1.0e-07
955.2	1.0e-07
955.4	1.0e-07
955.6	1.0e-07
955.8	1.0e-07
956.0	1.0e-07
956.2	1.0e-07
956.4	1.0e-07
956.6	1.0e-07
956.8	1.0e-07
957.0	1.0e-07
957.2	1.0e-07
957.4	1.0e-07
957.6	1.0e-07
957.8	1.0e-07
958.0	1.0e-07
958.2	1.0e-07
958.4	1.0e-07
958.6	1.0e-07
958.8	1.0e-07
959.0	1.0e-07
959.2	1.0e-07
959.4	1.0e-07
959.6	1.0e-07
959.8	1.0e-07
960.0	1.0e-07
960.2	1.0e-07
960.4	1.0e-07
960.6	1.0e-07
960.8	1.0e-07
961.0	1.0e-07
961.2	1.0e-07
961.4	1.0e-07
961.6	1.0e-07
961.8	1.0e-07
962.0	1.0e-07
962.2	1.0e-07
962.4	1.0e-07
962.6	1.0e-07
962.8	1.0e-07
963.0	1.0e-07
963.2	1.0e-07
963.4	1.0e-07
963.6	1.0e-07
963.8	1.0e-07
964.0	1.0e-07
964.2	1.0e-07
964.4	1.0e-07
964.6	1.0e-07
964.8	1.0e-07
965.0	1.0e-07
965.2	1.0e-07
965.4	1.0e-07
965.6	1.0e-07
965.8	1.0e-07
966.0	1.0e-07
966.2	1.0e-07
966.4	1.0e-07
966.6	1.0e-07
966.8	1.0e-07
967.0	1.0e-07
967.2	1.0e-07
967.4	1.0e-07
967.6	1.0e-07
967.8	1.0e-07
968.0	1.0e-07
968.2	1.0e-07
968.4	1.0e-07
968.6	1.0e-07
968.8	1.0e-07
969.0	1.0e-07
969.2	1.0e-07
969.4	1.0e-07
969.6	1.0e-07
969.8	1.0e-07
970.0	1.0e-07
970.2	1.0e-07
970.4	1.0e-07
970.6	1.0e-07
970.8	1.0e-07
971.0	1.0e-07
971.2	1.0e-07
971.4	1.0e-07
971.6	1.0e-07
971.8	1.0e-07
972.0	1.0e-07
972.2	1.0e-07
972.4	1.0e-07
972.6	1.0e-07
972.8	1.0e-07
973.0	1.0e-07
973.2	1.0e-07
973.4	1.0e-07
973.6	1.0e-07
973.8	1.0e-07
974.0	1.0e-07
974.2	1.0e-07
974.4	1.0e-07
974.6	1.0e-07
974.8	1.0e-07
975.0	1.0e-07
975.2	1.0e-07
975.4	1.0e-07
975.6	1.0e-07
975.8	1.0e-07
976.0	1.0e-07
976.2	1.0e-07
976.4	1.0e-07
976.6	1.0e-07
976.8	1.0e-07
977.0	1.0e-07
977.2	1.0e-07
977.4	1.0e-07
977.6	1.0e-07
977.8	1.0e-07
978.0	1.0e-07
978.2	1.0e-07
978.4	1.0e-07
978.6	1.0e-07
978.8	1.0e-07
979.0	1.0e-07
979.2	1.0e-07
979.4	1.0e-07
979.6	1.0e-07
979.8	1.0e-07
980.0	1.0e-07
980.2	1.0e-07
980.4	1.0e-07
980.6	1.0e-07
980.8	1.0e-07
981.0	1.0e-07
981.2	1.0e-07
981.4	1.0e-07
981.6	1.0e-07
981.8	1.0e-07
982.0	1.0e-07
982.2	1.0e-07
982.4	1.0e-07
982.6	1.0e-07
982.8	1.0e-07
983.0	1.0e-07
983.2	1.0e-07
983.4	1.0e-07
983.6	1.0e-07
983.8	1.0e-07
984.0	1.0e-07
984.2	1.0e-07
984.4	1.0e-07
984.6	1.0e-07
984.8	1.0e-07
985.0	1.0e-07
985.2	1.0e-07
985.4	1.0e-07
985.6	1.0e-07
985.8	1.0e-07
986.0	1.0e-07
986.2	1.0e-07
986.4	1.0e-07
986.6	1.0e-07
986.8	1.0e-07
987.0	1.0e-07
987.2	1.0e-07
987.4	1.0e-07
987.6	1.0e-07
987.8	1.0e-07
988.0	1.0e-07
988.2	1.0e-07
988.4	1.0e-07
988.6	1.0e-07
988.8	1.0e-07
989.0	1.0e-07
989.2	1.0e-07
989.4	1.0e-07
989.6	1.0e-07
989.8	1.0e-07
990.0	1.0e-07
990.2	1.0e-07
990.4	1.0e-07
990.6	1.0e-07
990.8	1.0e-07
991.0	1.0e-07
991.2	1.0e-07
991.4	1.0e-07
991.6	1.0e-07
991.8	1.0e-07
992.0	1.0e-07
992.2	1.0e-07
992.4	1.0e-07
992.6	1.0e-07
992.8	1.0e-07
993.0	1.0e-07
993.2	1.0e-07
993.4	1.0e-07
993.6	1.0e-07
993.8	1.0e-07
994.0	1.0e-07
994.2	1.0e-07
994.4	1.0e-07
994.6	1.0e-07
994.8	1.0e-07
995.0	1.0e-07
995.2	1.0e-07
995.4	1.0e-07
995.6	1.0e-07
995.8	1.0e-07
996.0	1.0e-07
996.2	1.0e-07
996.4	1.0e-07
996.6	1.0e-07
996.8	1.0e-07
997.0	1.0e-07
997.2	1.0e-07
997.4	1.0e-07
997.6	1.0e-07
997.8	1.0e-07
998.0	1.0e-07
998.2	1.0e-07
998.4	1.0e-07
998.6	1.0e-07
998.8	1.0e-07
999.0	1.0e-07
999.2	1.0e-07
999.4	1.0e-07
999.6	1.0e-07
999.8	1.0e-07
1000.0	1.0e-07
1000.2	1.0e-07
1000.4	1.0e-07
1000.6	1.0e-07
1000.8	1.0e-07
1001.0	1.0e-07
1001.2	1.0e-07
1001.4	1.0e-07
1001.6	1.0e-07
1001.8	1.0e-07
1002.0	1.0e-07
1002.2	1.0e-07
1002.4	1.0e-07
1002.6	1.0e-07
1002.8	1.0e-07
1003.0	1.0e-07
1003.2	1.0e-07
1003.4	1.0e-07
1003.6	1.0e-07
1003.8	1.0e-07
1004.0	1.0e-07
1004.2	1.0e-07
1004.4	1.0e-07
1004.6	1.0e-07
1004.8	1.0e-07
1005.0	1.0e-07
1005.2	1.0e-07
1005.4	1.0e-07
1005.6	1.0e-07
1005.8	1.0e-07
1006.0	1.0e-07
1006.2	1.0e-07
1006.4	1.0e-07
1006.6	1.0e-07
1006.8	1.0e-07
1007.0	1.0e-07
1007.2	1.0e-07
1007.4	1.0e-07
1007.6	1.0e-07
1007.8	1.0e-07
1008.0	1.0e-07
1008.2	1.0e-07
1008.4	1.0e-07
1008.6	1.0e-07
1008.8	1.0e-07
1009.0	1.0e-07
1009.2	1.0e-07
1009.4	1.0e-07
1009.6	1.0e-07
1009.8	1.0e-07
1010.0	1.0e-07
1010.2	1.0e-07
1010.4	1.0e-07
1010.6	1.0e-07
1010.8	1.0e-07
1011.0	1.0e-07
1011.2	1.0e-07
1011.4	1.0e-07
1011.6	1.0e-07
1011.8	1.0e-07
1012.0	1.0e-07
1012.2	1.0e-07
1012.4	1.0e-07
1012.6	1.0e-07
1012.8	1.0e-07
1013.0	1.0e-07
1013.2	1.0e-07
1013.4	1.0e-07
1013.6	1.0e-07
1013.8	1.0e-07
1014.0	1.0e-07
1014.2	1.0e-07
1014.4	1.0e-07
1014.6	1.0e-07
1014.8	1.0e-07
1015.0	1.0e-07
1015.2	1.0e-07
1015.4	1.0e-07
1015.6	1.0e-07
1015.8	1.0e-07
1016.0	1.0e-07
1016.2	1.0e-07
1016.4	1.0e-07
1016.6	1.0e-07
1016.8	1.0e-07
1017.0	1.0e-07
1017.2	1.0e-07
1017.4	1.0e-07
1017.6	1.0e-07
1017.8	1.0e-07
1018.0	1.0e-07
1018.2	1.0e-07
1018.4	1.0e-07
1018.6	1.0e-07
1018.8	1.0e-07
1019.0	1.0e-07
1019.2	1.0e-07
1019.4	1.0e-07
1019.6	1.0e-07
1019.8	1.0e-07
1020.0	1.0e-07
1020.2	1.0e-07
1020.4	1.0e-07
1020.6	1.0e-07
1020.8	1.0e-07
1021.0	1.0e-07
1021.2	1.0e-07
1021.4	1.0e-07
1021.6	1.0e-07
1021.8	1.0e-07
1022.0	1.0e-07
1022.2	1.0e-07
1022.4	1.0e-07
1022.6	1.0e-07
1022.8	1.0e-07
1023.0	1.0e-07
1023.2	1.0e-07
1023.4	1.0e-07
1023.6	1.0e-07
1023.8	1.0e-07
1024.0	1.0e-07
1024.2	1.0e-07
1024.4	1.0e-07
1024.6	1.0e-07
1024.8	1.0e-07
1025.0	1.0e-07
1025.2	1.0e-07
1025.4	1.0e-07
1025.6	1.0e-07
1025.8	1.0e-07
1026.0	1.0e-07
1026.2	1.0e-07
1026.4	1.0e-07
1026.6	1.0e-07
1026.8	1.0e-07
1027.0	1.0e-07
1027.2	1.0e-07
1027.4	1.0e-07
1027.6	1.0e-07
1027.8	1.0e-07
1028.0	1.0e-07
1028.2	1.0e-07
1028.4	1.0e-07
1028.6	1.0e-07
1028.8	1.0e-07
1029.0	1.0e-07
1029.2	1.0e-07
1029.4	1.0e-07
1029.6	1.0e-07
1029.8	1.0e-07
1030.0	1.0e-07
1030.2	1.0e-07
1030.4	1.0e-07
1030.6	1.0e-07
1030.8	1.0e-07
1031.0	1.0e-07
1031.2	1.0e-07
1031.4	1.0e-07
1031.6	1.0e-07
1031.8	1.0e-07
1032.0	1.0e-07
1032.2	1.0e-07
1032.4	1.0e-07
1032.6	1.0e-07
1032.8	1.0e-07
1033.0	1.0e-07
1033.2	1.0e-07
1033.4	1.0e-07
1033.6	1.0e-07
1033.8	1.0e-07
1034.0	1.0e-07
1034.2	1.0e-07
1034.4	1.0e-07
1034.6	1.0e-07
1034.8	1.0e-07
1035.0	1.0e-07
1035.2	1.0e-07
1035.4	1.0e-07
1035.6	1.0e-07
1035.8	1.0e-07
1036.0	1.0e-07
1036.2	1.0e-07
1036.4	1.0e-07
1036.6	1.0e-07
1036.8	1.0e-07
1037.0	1.0e-07
1037.2	1.0e-07
1037.4	1.0e-07
1037.6	1.0e-07
1037.8	1.0e-07
1038.0	1.0e-07
1038.2	1.0e-07
1038.4	1.0e-07
1038.6	1.0e-07
1038.8	1.0e-07
1039.0	1.0e-07
1039.2	1.0e-07
1039.4	1.0e-07
1039.6	1.0e-07
1039.8	1.0e-07
1040.0	1.0e-07
1040.2	1.0e-07
1040.4	1.0e-07
1040.6	1.0e-07
1040.8	1.0e-07
1041.0	1.0e-07
1041.2	1.0e-07
1041.4	1.0e-07
1041.6	1.0e-07
1041.8	1.0e-07
1042.0	1.0e-07
1042.2	1.0e-07
1042.4	1.0e-07
1042.6	1.0e-07
1042.8	1.0e-07
1043.0	1.0e-07
1043.2	1.0e-07
1043.4	1.0e-07
1043.6	1.0e-07
1043.8	1.0e-07
1044.0	1.0e-07
1044.2	1.0e-07
1044.4	1.0e-07
1044.6	1.0e-07
1044.8	1.0e-07
1045.0	1.0e-07
1045.2	1.0e-07
1045.4	1.0e-07
1045.6	1.0e-07
1045.8	1.0e-07
1046.0	1.0e-07
1046.2	1.0e-07
1046.4	1.0e-07
1046.6	1.0e-07
1046.8	1.0e-07
1047.0	1.0e-07
1047.2	1.0e-07
1047.4	1.0e-07
1047.6	1.0e-07
1047.8	1.0e-07
1048.0	1.0e-07
1048.2	1.0e-07
1048.4	1.0e-07
1048.6	1.0e-07
1048.8	1.0e-07
1049.0	1.0e-07
1049.2	1.0e-07
1049.4	1.0e-07
1049.6	1.0e-07
1049.8	1.0e-07
1050.0	1.0e-07
1050.2	1.0e-07
1050.4	1.0e-07
1050.6	1.0e-07
1050.8	1.0e-07
1051.0	1.0e-07
1051.2	1.0e-07
1051.4	1.0e-07
1051.6	1.0e-07
1051.8	1.0e-07
1052.0	1.0e-07
1052.2	1.0e-07
1052.4	1.0e-07
1052.6	1.0e-07
1052.8	1.0e-07
1053.0	1.0e-07
1053.2	1.0e-07
1053.4	1.0e-07
1053.6	1.0e-07
1053.8	1.0e-07
1054.0	1.0e-07
1054.2	1.0e-07
1054.4	1.0e-07
1054.6	1.0e-07
1054.8	1.0e-07
1055.0	1.0e-07
1055.2	1.0e-07
1055.4	1.0e-07
1055.6	1.0e-07
1055.8	1.0e-07
1056.0	1.0e-07
1056.2	1.0e-07
1056.4	1.0e-07
1056.6	1.0e-07
1056.8	1.0e-07
1057.0	1.0e-07
1057.2	1.0e-07
1057.4	1.0e-07
1057.6	1.0e-07
1057.8	1.0e-07
1058.0	1.0e-07
1058.2	1.0e-07
1058.4	1.0e-07
1058.6	1.0e-07
1058.8	1.0e-07
1059.0	1.0e-07
1059.2	1.0e-07
1059.4	1.0e-07
1059.6	1.0e-07
1059.8	1.0e-07
1060.0	1.0e-07
1060.2	1.0e-07
1060.4	1.0e-07
1060.6	1.0e-07
1060.8	1.0e-07
1061.0	1.0e-07
1061.2	1.0e-07
1061.4	1.0e-07
1061.6	1.0e-07
1061.8	1.0e-07
1062.0	1.0e-07
1062.2	1.0e-07
1062.4	1.0e-07
1062.6	1.0e-07
1062.8	1.0e-07
1063.0	1.0e-07
1063.2	1.0e-07
1063.4	1.0e-07
1063.6	1.0e-07
1063.8	1.0e-07
1064.0	1.0e-07
1064.2	1.0e-07
1064.4	1.0e-07
1064.6	1.0979e-07
1064.8	2.4927e-07
1065.0	5.8515e-07
1065.2	1.4264e-06
1065.4	3.6301e-06
1065.6	9.7116e-06
1065.8	2.7556e-05
1066.0	8.3923e-05
1066.2	2.7891e-04
1066.4	0.00104
1066.6	0.00446
1066.8	0.02356
1067.0	0.15744
1067.2	0.7627
1067.4	0.99434
1067.6	0.98375
1067.8	0.99459
1068.0	0.99179
1068.2	0.98612
1068.4	0.98835
1068.6	0.99368
1068.8	0.99515
1069.0	0.99214
1069.2	0.98856
1069.4	0.98774
1069.6	0.98996
1069.8	0.99322
1070.0	0.99518
1070.2	0.99479
1070.4	0.9926
1070.6	0.9901
1070.8	0.98869
1071.0	0.98899
1071.2	0.99072
1071.4	0.99298
1071.6	0.99475
1071.8	0.99533
1072.0	0.99459
1072.2	0.99293
1072.4	0.99106
1072.6	0.98966
1072.8	0.9892
1073.0	0.98978
1073.2	0.99115
1073.4	0.99285
1073.6	0.99434
1073.8	0.99521
1074.0	0.99523
1074.2	0.99445
1074.4	0.99313
1074.6	0.99165
1074.8	0.9904
1075.0	0.98968
1075.2	0.98966
1075.4	0.99031
1075.6	0.99144
1075.8	0.99279
1076.0	0.99405
1076.2	0.99495
1076.4	0.9953
1076.6	0.99505
1076.8	0.99429
1077.0	0.99317
1077.2	0.99195
1077.4	0.99086
1077.6	0.99011
1077.8	0.98982
1078.0	0.99003
1078.2	0.9907
1078.4	0.99168
1078.6	0.99281
1078.8	0.99388
1079.0	0.99471
1079.2	0.99517
1079.4	0.99519
1079.6	0.99478
1079.8	0.99402
1080.0	0.99304
1080.2	0.992
1080.4	0.99105
1080.6	0.99034
1080.8	0.98996
1081.0	0.98996
1081.2	0.99034
1081.4	0.99102
1081.6	0.99191
1081.8	0.99288
1082.0	0.99379
1082.2	0.99453
1082.4	0.99499
1082.6	0.99512
1082.8	0.99491
1083.0	0.99439
1083.2	0.99363
1083.4	0.99274
1083.6	0.99183
1083.8	0.99101
1084.0	0.99038
1084.2	0.99
1084.4	0.98993
1084.6	0.99015
1084.8	0.99064
1085.0	0.99134
1085.2	0.99216
1085.4	0.99301
1085.6	0.99379
1085.8	0.99441
1086.0	0.99481
1086.2	0.99495
1086.4	0.99481
1086.6	0.99441
1086.8	0.9938
1087.0	0.99305
1087.2	0.99223
1087.4	0.99144
1087.6	0.99074
1087.8	0.99021
1088.0	0.9899
1088.2	0.98983
1088.4	0.99
1088.6	0.9904
1088.8	0.99098
1089.0	0.99169
1089.2	0.99245
1089.4	0.99318
1089.6	0.99383
1089.8	0.99432
1090.0	0.99462
1090.2	0.9947
1090.4	0.99455
1090.6	0.99418
1090.8	0.99364
1091.0	0.99298
1091.2	0.99224
1091.4	0.9915
1091.6	0.99082
1091.8	0.99026
1092.0	0.98986
1092.2	0.98965
1092.4	0.98965
1092.6	0.98986
1092.8	0.99024
1093.0	0.99077
1093.2	0.99141
1093.4	0.9921
1093.6	0.99277
1093.8	0.99338
1094.0	0.99388
1094.2	0.99422
1094.4	0.99438
1094.6	0.99435
1094.8	0.99413
1095.0	0.99374
1095.2	0.99321
1095.4	0.99258
1095.6	0.9919
1095.8	0.99122
1096.0	0.99059
1096.2	0.99006
1096.4	0.98966
1096.6	0.98942
1096.8	0.98935
1097.0	0.98947
1097.2	0.98974
1097.4	0.99016
1097.6	0.9907
1097.8	0.9913
1098.0	0.99193
1098.2	0.99254
1098.4	0.99309
1098.6	0.99354
1098.8	0.99386
1099.0	0.99402
1099.2	0.99401
1099.4	0.99384
1099.6	0.99351
1099.8	0.99306
1100.0	0.9925
1100.2	0.99189
1100.4	0.99125
1100.6	0.99063
1100.8	0.99007
1101.0	0.98961
1101.2	0.98927
1101.4	0.98907
1101.6	0.98902
1101.8	0.98913
1102.0	0.98938
1102.2	0.98976
1102.4	0.99023
1102.6	0.99078
1102.8	0.99136
1103.0	0.99194
1103.2	0.99247
1103.4	0.99293
1103.6	0.99328
1103.8	0.99351
1104.0	0.99359
1104.2	0.99353
1104.4	0.99333
1104.6	0.993
1104.8	0.99255
1105.0	0.99203
1105.2	0.99145
1105.4	0.99085
1105.6	0.99027
1105.8	0.98974
1106.0	0.98929
1106.2	0.98894
1106.4	0.98871
1106.6	0.98862
1106.8	0.98866
1107.0	0.98883
1107.2	0.98913
1107.4	0.98952
1107.6	0.98999
1107.8	0.99052
1108.0	0.99106
1108.2	0.99158
1108.4	0.99207
1108.6	0.99248
1108.8	0.9928
1109.0	0.993
1109.2	0.99308
1109.4	0.99303
1109.6	0.99285
1109.8	0.99255
1110.0	0.99215
1110.2	0.99168
1110.4	0.99114
1110.6	0.99058
1110.8	0.99003
1111.0	0.9895
1111.2	0.98904
1111.4	0.98865
1111.6	0.98837
1111.8	0.9882
1112.0	0.98815
1112.2	0.98822
1112.4	0.98841
1112.6	0.9887
1112.8	0.98908
1113.0	0.98953
1113.2	0.99001
1113.4	0.99052
1113.6	0.99101
1113.8	0.99146
1114.0	0.99185
1114.2	0.99215
1114.4	0.99235
1114.6	0.99244
1114.8	0.99241
1115.0	0.99227
1115.2	0.99201
1115.4	0.99166
1115.6	0.99122
1115.8	0.99073
1116.0	0.9902
1116.2	0.98967
1116.4	0.98915
1116.6	0.98868
1116.8	0.98828
1117.0	0.98796
1117.2	0.98775
1117.4	0.98764
1117.6	0.98766
1117.8	0.98778
1118.0	0.98802
1118.2	0.98836
1118.4	0.98877
1118.6	0.98923
1118.8	0.98973
1119.0	0.99023
1119.2	0.9907
1119.4	0.99113
1119.6	0.99147
1119.8	0.9917
1120.0	0.99182
1120.2	0.9918
1120.4	0.99163
1120.6	0.99131
1120.8	0.99086
1121.0	0.99026
1121.2	0.98956
1121.4	0.98876
1121.6	0.98789
1121.8	0.98698
1122.0	0.98606
1122.2	0.98517
1122.4	0.98434
1122.6	0.98359
1122.8	0.98295
1123.0	0.98245
1123.2	0.9821
1123.4	0.98192
1123.6	0.98191
1123.8	0.98206
1124.0	0.98238
1124.2	0.98285
1124.4	0.98346
1124.6	0.98417
1124.8	0.98497
1125.0	0.98581
1125.2	0.98668
1125.4	0.98753
1125.6	0.98833
1125.8	0.98906
1126.0	0.98968
1126.2	0.99017
1126.4	0.9905
1126.6	0.99067
1126.8	0.99068
1127.0	0.99051
1127.2	0.99017
1127.4	0.98968
1127.6	0.98906
1127.8	0.98832
1128.0	0.9875
1128.2	0.98662
1128.4	0.98572
1128.6	0.98483
1128.8	0.98399
1129.0	0.98321
1129.2	0.98253
1129.4	0.98197
1129.6	0.98154
1129.8	0.98128
1130.0	0.98117
1130.2	0.98122
1130.4	0.98143
1130.6	0.98179
1130.8	0.98229
1131.0	0.9829
1131.2	0.98361
1131.4	0.98438
1131.6	0.98519
1131.8	0.986
1132.0	0.9868
1132.2	0.98754
1132.4	0.9882
1132.6	0.98875
1132.8	0.98919
1133.0	0.98948
1133.2	0.98962
1133.4	0.9896
1133.6	0.98943
1133.8	0.9891
1134.0	0.98864
1134.2	0.98806
1134.4	0.98738
1134.6	0.98662
1134.8	0.9858
1135.0	0.98497
1135.2	0.98414
1135.4	0.98335
1135.6	0.98261
1135.8	0.98196
1136.0	0.98142
1136.2	0.981
1136.4	0.98071
1136.6	0.98057
1136.8	0.98057
1137.0	0.98072
1137.2	0.98101
1137.4	0.98143
1137.6	0.98196
1137.8	0.98258
1138.0	0.98327
1138.2	0.98402
1138.4	0.98478
1138.6	0.98554
1138.8	0.98627
1139.0	0.98694
1139.2	0.98753
1139.4	0.98803
1139.6	0.9884
1139.8	0.98864
1140.0	0.98875
1140.2	0.98871
1140.4	0.98853
1140.6	0.98822
1140.8	0.98778
1141.0	0.98722
1141.2	0.98658
1141.4	0.98586
1141.6	0.9851
1141.8	0.98431
1142.0	0.98353
1142.2	0.98277
1142.4	0.98206
1142.6	0.98142
1142.8	0.98087
1143.0	0.98044
1143.2	0.98012
1143.4	0.97993
1143.6	0.97987
1143.8	0.97995
1144.0	0.98016
1144.2	0.98049
1144.4	0.98094
1144.6	0.98148
1144.8	0.9821
1145.0	0.98278
1145.2	0.98349
1145.4	0.98422
1145.6	0.98494
1145.8	0.98563
1146.0	0.98626
1146.2	0.98681
1146.4	0.98727
1146.6	0.98762
1146.8	0.98785
1147.0	0.98796
1147.2	0.98793
1147.4	0.98777
1147.6	0.98748
1147.8	0.98708
1148.0	0.98658
1148.2	0.98598
1148.4	0.98531
1148.6	0.98459
1148.8	0.98385
1149.0	0.98309
1149.2	0.98235
1149.4	0.98165
1149.6	0.981
1149.8	0.98043
1150.0	0.97996
1150.2	0.97958
1150.4	0.97932
1150.6	0.97919
1150.8	0.97917
1151.0	0.97928
1151.2	0.97952
1151.4	0.97986
1151.6	0.9803
1151.8	0.98083
1152.0	0.98143
1152.2	0.98209
1152.4	0.98278
1152.6	0.98348
1152.8	0.98417
1153.0	0.98483
1153.2	0.98544
1153.4	0.98599
1153.6	0.98645
1153.8	0.98681
1154.0	0.98706
1154.2	0.9872
1154.4	0.98721
1154.6	0.9871
1154.8	0.98688
1155.0	0.98654
1155.2	0.9861
1155.4	0.98557
1155.6	0.98496
1155.8	0.9843
1156.0	0.98359
1156.2	0.98287
1156.4	0.98215
1156.6	0.98145
1156.8	0.98079
1157.0	0.98019
1157.2	0.97966
1157.4	0.97921
1157.6	0.97887
1157.8	0.97863
1158.0	0.97851
1158.2	0.9785
1158.4	0.97861
1158.6	0.97883
1158.8	0.97915
1159.0	0.97956
1159.2	0.98006
1159.4	0.98063
1159.6	0.98125
1159.8	0.98191
1160.0	0.98258
1160.2	0.98325
1160.4	0.98389
1160.6	0.9845
1160.8	0.98506
1161.0	0.98554
1161.2	0.98593
1161.4	0.98623
1161.6	0.98642
1161.8	0.9865
1162.0	0.98647
1162.2	0.98633
1162.4	0.98608
1162.6	0.98573
1162.8	0.98529
1163.0	0.98476
1163.2	0.98417
1163.4	0.98353
1163.6	0.98286
1163.8	0.98217
1164.0	0.98148
1164.2	0.98082
1164.4	0.98019
1164.6	0.97961
1164.8	0.9791
1165.0	0.97867
1165.2	0.97833
1165.4	0.97809
1165.6	0.97795
1165.8	0.97792
1166.0	0.97799
1166.2	0.97817
1166.4	0.97844
1166.6	0.97881
1166.8	0.97925
1167.0	0.97977
1167.2	0.98034
1167.4	0.98095
1167.6	0.98158
1167.8	0.98222
1168.0	0.98285
1168.2	0.98345
1168.4	0.98402
1168.6	0.98452
1168.8	0.98495
1169.0	0.9853
1169.2	0.98556
1169.4	0.98573
1169.6	0.98579
1169.8	0.98574
1170.0	0.9856
1170.2	0.98535
1170.4	0.98501
1170.6	0.98459
1170.8	0.9841
1171.0	0.98354
1171.2	0.98294
1171.4	0.98231
1171.6	0.98166
1171.8	0.98101
1172.0	0.98037
1172.2	0.97977
1172.4	0.97921
1172.6	0.97871
1172.8	0.97827
1173.0	0.97792
1173.2	0.97766
1173.4	0.97749
1173.6	0.97742
1173.8	0.97744
1174.0	0.97756
1174.2	0.97778
1174.4	0.97808
1174.6	0.97846
1174.8	0.97891
1175.0	0.97941
1175.2	0.97997
1175.4	0.98055
1175.6	0.98116
1175.8	0.98176
1176.0	0.98235
1176.2	0.98292
1176.4	0.98344
1176.6	0.98391
1176.8	0.98431
1177.0	0.98464
1177.2	0.98488
1177.4	0.98504
1177.6	0.9851
1177.8	0.98506
1178.0	0.98494
1178.2	0.98472
1178.4	0.98441
1178.6	0.98403
1178.8	0.98358
1179.0	0.98307
1179.2	0.98251
1179.4	0.98192
1179.6	0.98131
1179.8	0.9807
1180.0	0.9801
1180.2	0.97952
1180.4	0.97897
1180.6	0.97847
1180.8	0.97804
1181.0	0.97767
1181.2	0.97738
1181.4	0.97717
1181.6	0.97704
1181.8	0.97701
1182.0	0.97706
1182.2	0.97721
1182.4	0.97743
1182.6	0.97774
1182.8	0.97811
1183.0	0.97854
1183.2	0.97903
1183.4	0.97956
1183.6	0.98011
1183.8	0.98068
1184.0	0.98125
1184.2	0.9818
1184.4	0.98233
1184.6	0.98283
1184.8	0.98327
1185.0	0.98366
1185.2	0.98397
1185.4	0.98421
1185.6	0.98437
1185.8	0.98445
1186.0	0.98444
1186.2	0.98434
1186.4	0.98416
1186.6	0.9839
1186.8	0.98357
1187.0	0.98317
1187.2	0.98271
1187.4	0.98221
1187.6	0.98167
1187.8	0.98111
1188.0	0.98054
1188.2	0.97997
1188.4	0.97941
1188.6	0.97888
1188.8	0.97839
1189.0	0.97795
1189.2	0.97756
1189.4	0.97723
1189.6	0.97698
1189.8	0.97681
1190.0	0.97671
1190.2	0.9767
1190.4	0.97676
1190.6	0.97691
1190.8	0.97713
1191.0	0.97742
1191.2	0.97778
1191.4	0.97819
1191.6	0.97865
1191.8	0.97914
1192.0	0.97966
1192.2	0.98019
1192.4	0.98072
1192.6	0.98124
1192.8	0.98175
1193.0	0.98222
1193.2	0.98264
1193.4	0.98302
1193.6	0.98333
1193.8	0.98358
1194.0	0.98376
1194.2	0.98386
1194.4	0.98388
1194.6	0.98382
1194.8	0.98369
1195.0	0.98348
1195.2	0.9832
1195.4	0.98286
1195.6	0.98246
1195.8	0.98202
1196.0	0.98153
1196.2	0.98102
1196.4	0.9805
1196.6	0.97996
1196.8	0.97943
1197.0	0.97892
1197.2	0.97844
1197.4	0.97799
1197.6	0.97758
1197.8	0.97723
1198.0	0.97694
1198.2	0.97671
1198.4	0.97656
1198.6	0.97648
1198.8	0.97647
1199.0	0.97653
1199.2	0.97667
1199.4	0.97687
1199.6	0.97714
1199.8	0.97747
1200.0	0.97785
1200.2	0.97827
1200.4	0.97873
1200.6	0.97921
1200.8	0.9797
1201.0	0.9802
1201.2	0.98069
1201.4	0.98117
1201.6	0.98162
1201.8	0.98204
1202.0	0.98241
1202.2	0.98272
1202.4	0.98298
1202.6	0.98318
1202.8	0.98331
1203.0	0.98337
1203.2	0.98336
1203.4	0.98327
1203.6	0.98312
1203.8	0.9829
1204.0	0.98262
1204.2	0.98228
1204.4	0.9819
1204.6	0.98147
1204.8	0.98101
1205.0	0.98053
1205.2	0.98004
1205.4	0.97954
1205.6	0.97905
1205.8	0.97858
1206.0	0.97813
1206.2	0.97771
1206.4	0.97733
1206.6	0.97701
1206.8	0.97674
1207.0	0.97653
1207.2	0.97638
1207.4	0.9763
1207.6	0.97628
1207.8	0.97633
1208.0	0.97645
1208.2	0.97663
1208.4	0.97688
1208.6	0.97717
1208.8	0.97751
1209.0	0.9779
1209.2	0.97832
1209.4	0.97876
1209.6	0.97922
1209.8	0.97969
1210.0	0.98016
1210.2	0.98061
1210.4	0.98105
1210.6	0.98146
1210.8	0.98183
1211.0	0.98216
1211.2	0.98243
1211.4	0.98266
1211.6	0.98282
1211.8	0.98292
1212.0	0.98295
1212.2	0.98292
1212.4	0.98283
1212.6	0.98267
1212.8	0.98246
1213.0	0.98219
1213.2	0.98186
1213.4	0.9815
1213.6	0.9811
1213.8	0.98067
1214.0	0.98022
1214.2	0.97976
1214.4	0.9793
1214.6	0.97884
1214.8	0.9784
1215.0	0.97797
1215.2	0.97758
1215.4	0.97723
1215.6	0.97692
1215.8	0.97666
1216.0	0.97645
1216.2	0.9763
1216.4	0.97621
1216.6	0.97618
1216.8	0.97621
1217.0	0.9763
1217.2	0.97646
1217.4	0.97666
1217.6	0.97692
1217.8	0.97723
1218.0	0.97757
1218.2	0.97795
1218.4	0.97836
1218.6	0.97878
1218.8	0.97922
1219.0	0.97966
1219.2	0.9801
1219.4	0.98052
1219.6	0.98092
1219.8	0.9813
1220.0	0.98164
1220.2	0.98193
1220.4	0.98218
1220.6	0.98238
1220.8	0.98252
1221.0	0.98261
1221.2	0.98264
1221.4	0.98261
1221.6	0.98251
1221.8	0.98237
1222.0	0.98216
1222.2	0.98191
1222.4	0.98162
1222.6	0.98128
1222.8	0.98091
1223.0	0.98051
1223.2	0.9801
1223.4	0.97967
1223.6	0.97924
1223.8	0.97881
1224.0	0.97839
1224.2	0.97799
1224.4	0.97762
1224.6	0.97728
1224.8	0.97698
1225.0	0.97672
1225.2	0.97651
1225.4	0.97635
1225.6	0.97624
1225.8	0.97619
1226.0	0.97619
1226.2	0.97626
1226.4	0.97637
1226.6	0.97654
1226.8	0.97676
1227.0	0.97702
1227.2	0.97732
1227.4	0.97766
1227.6	0.97802
1227.8	0.97841
1228.0	0.97882
1228.2	0.97923
1228.4	0.97964
1228.6	0.98005
1228.8	0.98045
1229.0	0.98082
1229.2	0.98117
1229.4	0.98148
1229.6	0.98176
1229.8	0.98199
1230.0	0.98218
1230.2	0.98232
1230.4	0.9824
1230.6	0.98243
1230.8	0.98241
1231.0	0.98233
1231.2	0.9822
1231.4	0.98202
1231.6	0.98179
1231.8	0.98153
1232.0	0.98122
1232.2	0.98088
1232.4	0.98052
1232.6	0.98014
1232.8	0.97974
1233.0	0.97934
1233.2	0.97894
1233.4	0.97855
1233.6	0.97817
1233.8	0.97782
1234.0	0.97748
1234.2	0.97719
1234.4	0.97693
1234.6	0.97671
1234.8	0.97653
1235.0	0.9764
1235.2	0.97633
1235.4	0.9763
1235.6	0.97633
1235.8	0.9764
1236.0	0.97653
1236.2	0.9767
1236.4	0.97691
1236.6	0.97717
1236.8	0.97746
1237.0	0.97778
1237.2	0.97813
1237.4	0.9785
1237.6	0.97888
1237.8	0.97927
1238.0	0.97966
1238.2	0.98004
1238.4	0.98041
1238.6	0.98076
1238.8	0.98109
1239.0	0.98139
1239.2	0.98166
1239.4	0.98188
1239.6	0.98206
1239.8	0.9822
1240.0	0.98229
1240.2	0.98233
1240.4	0.98232
1240.6	0.98227
1240.8	0.98216
1241.0	0.98201
1241.2	0.98181
1241.4	0.98158
1241.6	0.98131
1241.8	0.98101
1242.0	0.98068
1242.2	0.98034
1242.4	0.97997
1242.6	0.9796
1242.8	0.97923
1243.0	0.97886
1243.2	0.9785
1243.4	0.97816
1243.6	0.97784
1243.8	0.97754
1244.0	0.97728
1244.2	0.97705
1244.4	0.97685
1244.6	0.9767
1244.8	0.9766
1245.0	0.97654
1245.2	0.97652
1245.4	0.97656
1245.6	0.97664
1245.8	0.97676
1246.0	0.97693
1246.2	0.97713
1246.4	0.97737
1246.6	0.97765
1246.8	0.97795
1247.0	0.97828
1247.2	0.97862
1247.4	0.97898
1247.6	0.97934
1247.8	0.97971
1248.0	0.98007
1248.2	0.98042
1248.4	0.98075
1248.6	0.98107
1248.8	0.98136
1249.0	0.98161
1249.2	0.98184
1249.4	0.98202
1249.6	0.98216
1249.8	0.98227
1250.0	0.98232
1250.2	0.98234
1250.4	0.98231
1250.6	0.98223
1250.8	0.98211
1251.0	0.98195
1251.2	0.98175
1251.4	0.98152
1251.6	0.98126
1251.8	0.98097
1252.0	0.98066
1252.2	0.98033
1252.4	0.97999
1252.6	0.97965
1252.8	0.9793
1253.0	0.97896
1253.2	0.97863
1253.4	0.97832
1253.6	0.97802
1253.8	0.97775
1254.0	0.97751
1254.2	0.9773
1254.4	0.97713
1254.6	0.97699
1254.8	0.9769
1255.0	0.97685
1255.2	0.97684
1255.4	0.97687
1255.6	0.97694
1255.8	0.97705
1256.0	0.97721
1256.2	0.9774
1256.4	0.97762
1256.6	0.97788
1256.8	0.97816
1257.0	0.97846
1257.2	0.97878
1257.4	0.97911
1257.6	0.97945
1257.8	0.97979
1258.0	0.98013
1258.2	0.98047
1258.4	0.98079
1258.6	0.98109
1258.8	0.98137
1259.0	0.98163
1259.2	0.98185
1259.4	0.98204
1259.6	0.9822
1259.8	0.98232
1260.0	0.9824
1260.2	0.98244
1260.4	0.98243
1260.6	0.98239
1260.8	0.98231
1261.0	0.98219
1261.2	0.98203
1261.4	0.98184
1261.6	0.98161
1261.8	0.98136
1262.0	0.98109
1262.2	0.9808
1262.4	0.98049
1262.6	0.98018
1262.8	0.97986
1263.0	0.97954
1263.2	0.97922
1263.4	0.97891
1263.6	0.97862
1263.8	0.97835
1264.0	0.9781
1264.2	0.97787
1264.4	0.97767
1264.6	0.97751
1264.8	0.97738
1265.0	0.97729
1265.2	0.97723
1265.4	0.97722
1265.6	0.97724
1265.8	0.9773
1266.0	0.9774
1266.2	0.97754
1266.4	0.9777
1266.6	0.9779
1266.8	0.97813
1267.0	0.97839
1267.2	0.97866
1267.4	0.97896
1267.6	0.97927
1267.8	0.97958
1268.0	0.9799
1268.2	0.98023
1268.4	0.98054
1268.6	0.98085
1268.8	0.98115
1269.0	0.98142
1269.2	0.98168
1269.4	0.98191
1269.6	0.98211
1269.8	0.98228
1270.0	0.98242
1270.2	0.98253
1270.4	0.98259
1270.6	0.98262
1270.8	0.98262
1271.0	0.98257
1271.2	0.98249
1271.4	0.98238
1271.6	0.98223
1271.8	0.98205
1272.0	0.98184
1272.2	0.98161
1272.4	0.98136
1272.6	0.98109
1272.8	0.9808
1273.0	0.98051
1273.2	0.98021
1273.4	0.97991
1273.6	0.97962
1273.8	0.97933
1274.0	0.97906
1274.2	0.9788
1274.4	0.97856
1274.6	0.97834
1274.8	0.97815
1275.0	0.97799
1275.2	0.97786
1275.4	0.97776
1275.6	0.9777
1275.8	0.97767
1276.0	0.97768
1276.2	0.97772
1276.4	0.9778
1276.6	0.97791
1276.8	0.97805
1277.0	0.97822
1277.2	0.97842
1277.4	0.97865
1277.6	0.9789
1277.8	0.97916
1278.0	0.97944
1278.2	0.97973
1278.4	0.98003
1278.6	0.98034
1278.8	0.98064
1279.0	0.98093
1279.2	0.98122
1279.4	0.98149
1279.6	0.98175
1279.8	0.98199
1280.0	0.9822
1280.2	0.98239
1280.4	0.98255
1280.6	0.98268
1280.8	0.98278
1281.0	0.98285
1281.2	0.98288
1281.4	0.98287
1281.6	0.98284
1281.8	0.98276
1282.0	0.98266
1282.2	0.98253
1282.4	0.98237
1282.6	0.98218
1282.8	0.98197
1283.0	0.98174
1283.2	0.98149
1283.4	0.98123
1283.6	0.98096
1283.8	0.98069
1284.0	0.98041
1284.2	0.98013
1284.4	0.97986
1284.6	0.9796
1284.8	0.97936
1285.0	0.97912
1285.2	0.97891
1285.4	0.97872
1285.6	0.97856
1285.8	0.97842
1286.0	0.97831
1286.2	0.97824
1286.4	0.97819
1286.6	0.97818
1286.8	0.97819
1287.0	0.97824
1287.2	0.97833
1287.4	0.97844
1287.6	0.97858
1287.8	0.97875
1288.0	0.97894
1288.2	0.97915
1288.4	0.97939
1288.6	0.97964
1288.8	0.9799
1289.0	0.98018
1289.2	0.98046
1289.4	0.98074
1289.6	0.98102
1289.8	0.9813
1290.0	0.98157
1290.2	0.98183
1290.4	0.98207
1290.6	0.9823
1290.8	0.9825
1291.0	0.98268
1291.2	0.98284
1291.4	0.98297
1291.6	0.98307
1291.8	0.98314
1292.0	0.98318
1292.2	0.98318
1292.4	0.98316
1292.6	0.98311
1292.8	0.98302
1293.0	0.98291
1293.2	0.98277
1293.4	0.98261
1293.6	0.98243
1293.8	0.98222
1294.0	0.982
1294.2	0.98176
1294.4	0.98152
1294.6	0.98127
1294.8	0.98101
1295.0	0.98075
1295.2	0.9805
1295.4	0.98025
1295.6	0.98001
1295.8	0.97979
1296.0	0.97958
1296.2	0.97939
1296.4	0.97922
1296.6	0.97907
1296.8	0.97895
1297.0	0.97885
1297.2	0.97879
1297.4	0.97875
1297.6	0.97874
1297.8	0.97876
1298.0	0.97881
1298.2	0.97888
1298.4	0.97899
1298.6	0.97912
1298.8	0.97928
1299.0	0.97945
1299.2	0.97965
1299.4	0.97987
1299.6	0.9801
1299.8	0.98035
1300.0	0.9806
1300.2	0.98086
1300.4	0.98113
1300.6	0.98139
1300.8	0.98165
1301.0	0.98191
1301.2	0.98215
1301.4	0.98238
1301.6	0.9826
1301.8	0.9828
1302.0	0.98298
1302.2	0.98313
1302.4	0.98327
1302.6	0.98337
1302.8	0.98345
1303.0	0.9835
1303.2	0.98353
1303.4	0.98352
1303.6	0.98349
1303.8	0.98343
1304.0	0.98335
1304.2	0.98323
1304.4	0.9831
1304.6	0.98294
1304.8	0.98277
1305.0	0.98257
1305.2	0.98237
1305.4	0.98215
1305.6	0.98192
1305.8	0.98169
1306.0	0.98145
1306.2	0.98121
1306.4	0.98098
1306.6	0.98075
1306.8	0.98053
1307.0	0.98032
1307.2	0.98013
1307.4	0.97995
1307.6	0.9798
1307.8	0.97966
1308.0	0.97955
1308.2	0.97946
1308.4	0.97939
1308.6	0.97936
1308.8	0.97934
1309.0	0.97936
1309.2	0.9794
1309.4	0.97947
1309.6	0.97956
1309.8	0.97968
1310.0	0.97981
1310.2	0.97997
1310.4	0.98015
1310.6	0.98035
1310.8	0.98056
1311.0	0.98079
1311.2	0.98102
1311.4	0.98126
1311.6	0.9815
1311.8	0.98175
1312.0	0.98199
1312.2	0.98223
1312.4	0.98246
1312.6	0.98269
1312.8	0.9829
1313.0	0.98309
1313.2	0.98327
1313.4	0.98343
1313.6	0.98357
1313.8	0.98368
1314.0	0.98377
1314.2	0.98384
1314.4	0.98388
1314.6	0.9839
1314.8	0.98389
1315.0	0.98386
1315.2	0.9838
1315.4	0.98372
1315.6	0.98361
1315.8	0.98349
1316.0	0.98334
1316.2	0.98318
1316.4	0.983
1316.6	0.98281
1316.8	0.98261
1317.0	0.9824
1317.2	0.98218
1317.4	0.98196
1317.6	0.98174
1317.8	0.98153
1318.0	0.98132
1318.2	0.98111
1318.4	0.98092
1318.6	0.98074
1318.8	0.98057
1319.0	0.98043
1319.2	0.98029
1319.4	0.98018
1319.6	0.9801
1319.8	0.98003
1320.0	0.97999
1320.2	0.97997
1320.4	0.97997
1320.6	0.98
1320.8	0.98005
1321.0	0.98013
1321.2	0.98022
1321.4	0.98034
1321.6	0.98048
1321.8	0.98064
1322.0	0.98081
1322.2	0.981
1322.4	0.9812
1322.6	0.98141
1322.8	0.98163
1323.0	0.98186
1323.2	0.98208
1323.4	0.98231
1323.6	0.98254
1323.8	0.98276
1324.0	0.98297
1324.2	0.98317
1324.4	0.98337
1324.6	0.98354
1324.8	0.98371
1325.0	0.98385
1325.2	0.98398
1325.4	0.98408
1325.6	0.98417
1325.8	0.98423
1326.0	0.98427
1326.2	0.98428
1326.4	0.98428
1326.6	0.98425
1326.8	0.98419
1327.0	0.98412
1327.2	0.98402
1327.4	0.98391
1327.6	0.98378
1327.8	0.98363
1328.0	0.98347
1328.2	0.98329
1328.4	0.98311
1328.6	0.98292
1328.8	0.98272
1329.0	0.98252
1329.2	0.98231
1329.4	0.98211
1329.6	0.98192
1329.8	0.98172
1330.0	0.98154
1330.2	0.98137
1330.4	0.98121
1330.6	0.98106
1330.8	0.98093
1331.0	0.98082
1331.2	0.98073
1331.4	0.98066
1331.6	0.98061
1331.8	0.98057
1332.0	0.98056
1332.2	0.98058
1332.4	0.98061
1332.6	0.98067
1332.8	0.98074
1333.0	0.98084
1333.2	0.98096
1333.4	0.98109
1333.6	0.98124
1333.8	0.9814
1334.0	0.98158
1334.2	0.98177
1334.4	0.98197
1334.6	0.98217
1334.8	0.98238
1335.0	0.98259
1335.2	0.9828
1335.4	0.98301
1335.6	0.98322
1335.8	0.98341
1336.0	0.9836
1336.2	0.98378
1336.4	0.98395
1336.6	0.9841
1336.8	0.98424
1337.0	0.98436
1337.2	0.98446
1337.4	0.98454
1337.6	0.9846
1337.8	0.98464
1338.0	0.98466
1338.2	0.98466
1338.4	0.98464
1338.6	0.9846
1338.8	0.98453
1339.0	0.98445
1339.2	0.98435
1339.4	0.98424
1339.6	0.9841
1339.8	0.98396
1340.0	0.9838
1340.2	0.98363
1340.4	0.98345
1340.6	0.98327
1340.8	0.98308
1341.0	0.98289
1341.2	0.9827
1341.4	0.98252
1341.6	0.98233
1341.8	0.98216
1342.0	0.98199
1342.2	0.98183
1342.4	0.98168
1342.6	0.98155
1342.8	0.98143
1343.0	0.98133
1343.2	0.98125
1343.4	0.98118
1343.6	0.98113
1343.8	0.98111
1344.0	0.9811
1344.2	0.98111
1344.4	0.98115
1344.6	0.9812
1344.8	0.98127
1345.0	0.98136
1345.2	0.98147
1345.4	0.98159
1345.6	0.98173
1345.8	0.98188
1346.0	0.98204
1346.2	0.98222
1346.4	0.9824
1346.6	0.98259
1346.8	0.98278
1347.0	0.98298
1347.2	0.98318
1347.4	0.98337
1347.6	0.98357
1347.8	0.98376
1348.0	0.98394
1348.2	0.98411
1348.4	0.98427
1348.6	0.98442
1348.8	0.98455
1349.0	0.98467
1349.2	0.98477
1349.4	0.98486
1349.6	0.98492
1349.8	0.98497
1350.0	0.985
1350.2	0.98501
1350.4	0.985
1350.6	0.98497
1350.8	0.98493
1351.0	0.98486
1351.2	0.98478
1351.4	0.98468
1351.6	0.98456
1351.8	0.98443
1352.0	0.98429
1352.2	0.98414
1352.4	0.98398
1352.6	0.98381
1352.8	0.98364
1353.0	0.98346
1353.2	0.98328
1353.4	0.9831
1353.6	0.98293
1353.8	0.98275
1354.0	0.98258
1354.2	0.98242
1354.4	0.98227
1354.6	0.98213
1354.8	0.98201
1355.0	0.98189
1355.2	0.98179
1355.4	0.98171
1355.6	0.98165
1355.8	0.9816
1356.0	0.98157
1356.2	0.98155
1356.4	0.98156
1356.6	0.98158
1356.8	0.98163
1357.0	0.98169
1357.2	0.98176
1357.4	0.98186
1357.6	0.98197
1357.8	0.98209
1358.0	0.98223
1358.2	0.98238
1358.4	0.98254
1358.6	0.9827
1358.8	0.98288
1359.0	0.98306
1359.2	0.98324
1359.4	0.98343
1359.6	0.98361
1359.8	0.9838
1360.0	0.98398
1360.2	0.98415
1360.4	0.98432
1360.6	0.98447
1360.8	0.98462
1361.0	0.98476
1361.2	0.98488
1361.4	0.98499
1361.6	0.98508
1361.8	0.98515
1362.0	0.98521
1362.2	0.98526
1362.4	0.98528
1362.6	0.98528
1362.8	0.98527
1363.0	0.98524
1363.2	0.98519
1363.4	0.98513
1363.6	0.98505
1363.8	0.98495
1364.0	0.98484
1364.2	0.98472
1364.4	0.98458
1364.6	0.98443
1364.8	0.98428
1365.0	0.98411
1365.2	0.98394
1365.4	0.98377
1365.6	0.98359
1365.8	0.98342
1366.0	0.98324
1366.2	0.98307
1366.4	0.9829
1366.6	0.98274
1366.8	0.98258
1367.0	0.98243
1367.2	0.9823
1367.4	0.98217
1367.6	0.98206
1367.8	0.98196
1368.0	0.98188
1368.2	0.98181
1368.4	0.98176
1368.6	0.98172
1368.8	0.9817
1369.0	0.9817
1369.2	0.98171
1369.4	0.98174
1369.6	0.98179
1369.8	0.98185
1370.0	0.98192
1370.2	0.98201
1370.4	0.98211
1370.6	0.98222
1370.8	0.98234
1371.0	0.98247
1371.2	0.98261
1371.4	0.98276
1371.6	0.9829
1371.8	0.98306
1372.0	0.98321
1372.2	0.98336
1372.4	0.98351
1372.6	0.98366
1372.8	0.9838
1373.0	0.98394
1373.2	0.98406
1373.4	0.98418
1373.6	0.98429
1373.8	0.98438
1374.0	0.98446
1374.2	0.98453
1374.4	0.98458
1374.6	0.98462
1374.8	0.98464
1375.0	0.98465
1375.2	0.98463
1375.4	0.9846
1375.6	0.98456
1375.8	0.9845
1376.0	0.98442
1376.2	0.98432
1376.4	0.98422
1376.6	0.9841
1376.8	0.98396
1377.0	0.98382
1377.2	0.98366
1377.4	0.9835
1377.6	0.98333
1377.8	0.98315
1378.0	0.98297
1378.2	0.98278
1378.4	0.9826
1378.6	0.98241
1378.8	0.98223
1379.0	0.98205
1379.2	0.98188
1379.4	0.98171
1379.6	0.98155
1379.8	0.9814
1380.0	0.98126
1380.2	0.98113
1380.4	0.98102
1380.6	0.98092
1380.8	0.98084
1381.0	0.98077
1381.2	0.98072
1381.4	0.98068
1381.6	0.98066
1381.8	0.98066
1382.0	0.98067
1382.2	0.9807
1382.4	0.98074
1382.6	0.9808
1382.8	0.98088
1383.0	0.98097
1383.2	0.98107
1383.4	0.98119
1383.6	0.98132
1383.8	0.98145
1384.0	0.9816
1384.2	0.98175
1384.4	0.98191
1384.6	0.98207
1384.8	0.98224
1385.0	0.9824
1385.2	0.98257
1385.4	0.98274
1385.6	0.9829
1385.8	0.98306
1386.0	0.98321
1386.2	0.98335
1386.4	0.98349
1386.6	0.98361
1386.8	0.98373
1387.0	0.98383
1387.2	0.98392
1387.4	0.984
1387.6	0.98406
1387.8	0.98411
1388.0	0.98414
1388.2	0.98416
1388.4	0.98416
1388.6	0.98415
1388.8	0.98413
1389.0	0.98408
1389.2	0.98403
1389.4	0.98396
1389.6	0.98388
1389.8	0.98379
1390.0	0.98369
1390.2	0.98357
1390.4	0.98345
1390.6	0.98332
1390.8	0.98319
1391.0	0.98305
1391.2	0.98291
1391.4	0.98277
1391.6	0.98262
1391.8	0.98248
1392.0	0.98234
1392.2	0.98221
1392.4	0.98208
1392.6	0.98195
1392.8	0.98184
1393.0	0.98173
1393.2	0.98163
1393.4	0.98155
1393.6	0.98148
1393.8	0.98142
1394.0	0.98137
1394.2	0.98134
1394.4	0.98132
1394.6	0.98132
1394.8	0.98133
1395.0	0.98136
1395.2	0.9814
1395.4	0.98146
1395.6	0.98154
1395.8	0.98162
1396.0	0.98172
1396.2	0.98183
1396.4	0.98196
1396.6	0.98209
1396.8	0.98224
1397.0	0.98239
1397.2	0.98255
1397.4	0.98272
1397.6	0.98289
1397.8	0.98307
1398.0	0.98325
1398.2	0.98343
1398.4	0.9836
1398.6	0.98378
1398.8	0.98395
1399.0	0.98412
1399.2	0.98428
1399.4	0.98443
1399.6	0.98458
1399.8	0.98471
1400.0	0.98484
1400.2	0.98495
1400.4	0.98505
1400.6	0.98514
1400.8	0.98521
1401.0	0.98527
1401.2	0.98531
1401.4	0.98534
1401.6	0.98535
1401.8	0.98535
1402.0	0.98534
1402.2	0.98531
1402.4	0.98526
1402.6	0.9852
1402.8	0.98513
1403.0	0.98505
1403.2	0.98495
1403.4	0.98485
1403.6	0.98473
1403.8	0.98461
1404.0	0.98448
1404.2	0.98434
1404.4	0.9842
1404.6	0.98406
1404.8	0.98391
1405.0	0.98376
1405.2	0.98362
1405.4	0.98347
1405.6	0.98333
1405.8	0.98319
1406.0	0.98306
1406.2	0.98293
1406.4	0.98282
1406.6	0.98271
1406.8	0.98261
1407.0	0.98252
1407.2	0.98244
1407.4	0.98238
1407.6	0.98232
1407.8	0.98229
1408.0	0.98226
1408.2	0.98225
1408.4	0.98225
1408.6	0.98226
1408.8	0.98229
1409.0	0.98233
1409.2	0.98239
1409.4	0.98246
1409.6	0.98253
1409.8	0.98262
1410.0	0.98273
1410.2	0.98284
1410.4	0.98296
1410.6	0.98308
1410.8	0.98322
1411.0	0.98335
1411.2	0.9835
1411.4	0.98364
1411.6	0.98379
1411.8	0.98394
1412.0	0.98409
1412.2	0.98423
1412.4	0.98437
1412.6	0.98451
1412.8	0.98464
1413.0	0.98477
1413.2	0.98488
1413.4	0.98499
1413.6	0.98509
1413.8	0.98518
1414.0	0.98526
1414.2	0.98532
1414.4	0.98537
1414.6	0.98541
1414.8	0.98544
1415.0	0.98545
1415.2	0.98545
1415.4	0.98544
1415.6	0.98541
1415.8	0.98537
1416.0	0.98532
1416.2	0.98526
1416.4	0.98518
1416.6	0.98509
1416.8	0.985
1417.0	0.98489
1417.2	0.98477
1417.4	0.98465
1417.6	0.98452
1417.8	0.98439
1418.0	0.98425
1418.2	0.98411
1418.4	0.98397
1418.6	0.98382
1418.8	0.98368
1419.0	0.98354
1419.2	0.9834
1419.4	0.98326
1419.6	0.98313
1419.8	0.98301
1420.0	0.98289
1420.2	0.98278
1420.4	0.98268
1420.6	0.9826
1420.8	0.98252
1421.0	0.98245
1421.2	0.98239
1421.4	0.98235
1421.6	0.98231
1421.8	0.98229
1422.0	0.98229
1422.2	0.98229
1422.4	0.98231
1422.6	0.98234
1422.8	0.98238
1423.0	0.98244
1423.2	0.9825
1423.4	0.98258
1423.6	0.98267
1423.8	0.98276
1424.0	0.98287
1424.2	0.98298
1424.4	0.9831
1424.6	0.98323
1424.8	0.98336
1425.0	0.98349
1425.2	0.98363
1425.4	0.98376
1425.6	0.9839
1425.8	0.98404
1426.0	0.98417
1426.2	0.98431
1426.4	0.98443
1426.6	0.98456
1426.8	0.98468
1427.0	0.98479
1427.2	0.98489
1427.4	0.98498
1427.6	0.98506
1427.8	0.98514
1428.0	0.9852
1428.2	0.98525
1428.4	0.98529
1428.6	0.98532
1428.8	0.98533
1429.0	0.98534
1429.2	0.98533
1429.4	0.98531
1429.6	0.98527
1429.8	0.98523
1430.0	0.98517
1430.2	0.9851
1430.4	0.98503
1430.6	0.98494
1430.8	0.98484
1431.0	0.98473
1431.2	0.98462
1431.4	0.9845
1431.6	0.98438
1431.8	0.98425
1432.0	0.98411
1432.2	0.98398
1432.4	0.98384
1432.6	0.9837
1432.8	0.98357
1433.0	0.98343
1433.2	0.9833
1433.4	0.98317
1433.6	0.98304
1433.8	0.98293
1434.0	0.98282
1434.2	0.98271
1434.4	0.98261
1434.6	0.98253
1434.8	0.98245
1435.0	0.98238
1435.2	0.98233
1435.4	0.98228
1435.6	0.98225
1435.8	0.98223
1436.0	0.98222
1436.2	0.98222
1436.4	0.98223
1436.6	0.98226
1436.8	0.98229
1437.0	0.98234
1437.2	0.9824
1437.4	0.98247
1437.6	0.98254
1437.8	0.98263
1438.0	0.98273
1438.2	0.98283
1438.4	0.98294
1438.6	0.98306
1438.8	0.98318
1439.0	0.9833
1439.2	0.98343
1439.4	0.98356
1439.6	0.98369
1439.8	0.98382
1440.0	0.98395
1440.2	0.98408
1440.4	0.9842
1440.6	0.98432
1440.8	0.98444
1441.0	0.98455
1441.2	0.98465
1441.4	0.98474
1441.6	0.98483
1441.8	0.98491
1442.0	0.98498
1442.2	0.98504
1442.4	0.98508
1442.6	0.98512
1442.8	0.98515
1443.0	0.98516
1443.2	0.98516
1443.4	0.98515
1443.6	0.98513
1443.8	0.9851
1444.0	0.98506
1444.2	0.98501
1444.4	0.98494
1444.6	0.98487
1444.8	0.98479
1445.0	0.9847
1445.2	0.9846
1445.4	0.98449
1445.6	0.98438
1445.8	0.98426
1446.0	0.98414
1446.2	0.98401
1446.4	0.98388
1446.6	0.98375
1446.8	0.98362
1447.0	0.98348
1447.2	0.98335
1447.4	0.98322
1447.6	0.9831
1447.8	0.98297
1448.0	0.98286
1448.2	0.98274
1448.4	0.98264
1448.6	0.98254
1448.8	0.98245
1449.0	0.98237
1449.2	0.98229
1449.4	0.98223
1449.6	0.98218
1449.8	0.98214
1450.0	0.9821
1450.2	0.98208
1450.4	0.98207
1450.6	0.98207
1450.8	0.98208
1451.0	0.9821
1451.2	0.98214
1451.4	0.98218
1451.6	0.98223
1451.8	0.9823
1452.0	0.98237
1452.2	0.98245
1452.4	0.98253
1452.6	0.98263
1452.8	0.98273
1453.0	0.98284
1453.2	0.98295
1453.4	0.98306
1453.6	0.98318
1453.8	0.9833
1454.0	0.98342
1454.2	0.98355
1454.4	0.98367
1454.6	0.98379
1454.8	0.9839
1455.0	0.98402
1455.2	0.98413
1455.4	0.98423
1455.6	0.98433
1455.8	0.98442
1456.0	0.9845
1456.2	0.98458
1456.4	0.98465
1456.6	0.98471
1456.8	0.98476
1457.0	0.9848
1457.2	0.98482
1457.4	0.98484
1457.6	0.98485
1457.8	0.98485
1458.0	0.98483
1458.2	0.98481
1458.4	0.98478
1458.6	0.98473
1458.8	0.98468
1459.0	0.98461
1459.2	0.98454
1459.4	0.98446
1459.6	0.98437
1459.8	0.98427
1460.0	0.98417
1460.2	0.98406
1460.4	0.98394
1460.6	0.98382
1460.8	0.9837
1461.0	0.98358
1461.2	0.98345
1461.4	0.98332
1461.6	0.9832
1461.8	0.98307
1462.0	0.98294
1462.2	0.98282
1462.4	0.9827
1462.6	0.98259
1462.8	0.98248
1463.0	0.98238
1463.2	0.98228
1463.4	0.98219
1463.6	0.98211
1463.8	0.98203
1464.0	0.98197
1464.2	0.98191
1464.4	0.98186
1464.6	0.98183
1464.8	0.9818
1465.0	0.98178
1465.2	0.98178
1465.4	0.98178
1465.6	0.9818
1465.8	0.98182
1466.0	0.98185
1466.2	0.9819
1466.4	0.98195
1466.6	0.98201
1466.8	0.98208
1467.0	0.98215
1467.2	0.98224
1467.4	0.98233
1467.6	0.98242
1467.8	0.98253
1468.0	0.98263
1468.2	0.98274
1468.4	0.98285
1468.6	0.98296
1468.8	0.98308
1469.0	0.98319
1469.2	0.98331
1469.4	0.98342
1469.6	0.98353
1469.8	0.98363
1470.0	0.98374
1470.2	0.98383
1470.4	0.98393
1470.6	0.98401
1470.8	0.98409
1471.0	0.98416
1471.2	0.98423
1471.4	0.98428
1471.6	0.98433
1471.8	0.98437
1472.0	0.9844
1472.2	0.98442
1472.4	0.98443
1472.6	0.98442
1472.8	0.98441
1473.0	0.98439
1473.2	0.98436
1473.4	0.98432
1473.6	0.98427
1473.8	0.98421
1474.0	0.98415
1474.2	0.98407
1474.4	0.98399
1474.6	0.9839
1474.8	0.9838
1475.0	0.9837
1475.2	0.98359
1475.4	0.98348
1475.6	0.98336
1475.8	0.98324
1476.0	0.98312
1476.2	0.983
1476.4	0.98288
1476.6	0.98275
1476.8	0.98263
1477.0	0.98251
1477.2	0.9824
1477.4	0.98228
1477.6	0.98217
1477.8	0.98207
1478.0	0.98197
1478.2	0.98187
1478.4	0.98179
1478.6	0.98171
1478.8	0.98163
1479.0	0.98157
1479.2	0.98151
1479.4	0.98147
1479.6	0.98143
1479.8	0.9814
1480.0	0.98138
1480.2	0.98138
1480.4	0.98138
1480.6	0.98139
1480.8	0.98141
1481.0	0.98143
1481.2	0.98147
1481.4	0.98152
1481.6	0.98157
1481.8	0.98163
1482.0	0.9817
1482.2	0.98178
1482.4	0.98186
1482.6	0.98195
1482.8	0.98204
1483.0	0.98214
1483.2	0.98224
1483.4	0.98235
1483.6	0.98245
1483.8	0.98256
1484.0	0.98267
1484.2	0.98278
1484.4	0.98288
1484.6	0.98299
1484.8	0.98309
1485.0	0.98319
1485.2	0.98329
1485.4	0.98338
1485.6	0.98346
1485.8	0.98354
1486.0	0.98362
1486.2	0.98368
1486.4	0.98374
1486.6	0.9838
1486.8	0.98384
1487.0	0.98387
1487.2	0.9839
1487.4	0.98392
1487.6	0.98392
1487.8	0.98392
1488.0	0.98391
1488.2	0.98389
1488.4	0.98386
1488.6	0.98382
1488.8	0.98377
1489.0	0.98372
1489.2	0.98365
1489.4	0.98358
1489.6	0.9835
1489.8	0.98342
1490.0	0.98332
1490.2	0.98323
1490.4	0.98312
1490.6	0.98302
1490.8	0.98291
1491.0	0.98279
1491.2	0.98267
1491.4	0.98256
1491.6	0.98244
1491.8	0.98232
1492.0	0.9822
1492.2	0.98208
1492.4	0.98197
1492.6	0.98185
1492.8	0.98174
1493.0	0.98164
1493.2	0.98154
1493.4	0.98144
1493.6	0.98135
1493.8	0.98127
1494.0	0.9812
1494.2	0.98113
1494.4	0.98107
1494.6	0.98101
1494.8	0.98097
1495.0	0.98093
1495.2	0.98091
1495.4	0.98089
1495.6	0.98088
1495.8	0.98088
1496.0	0.98089
1496.2	0.98091
1496.4	0.98093
1496.6	0.98097
1496.8	0.98101
1497.0	0.98106
1497.2	0.98112
1497.4	0.98118
1497.6	0.98125
1497.8	0.98133
1498.0	0.98141
1498.2	0.9815
1498.4	0.98159
1498.6	0.98169
1498.8	0.98179
1499.0	0.98189
1499.2	0.98199
1499.4	0.98209
1499.6	0.9822
1499.8	0.9823
1500.0	0.9824
1500.2	0.9825
1500.4	0.9826
1500.6	0.98269
1500.8	0.98278
1501.0	0.98286
1501.2	0.98294
1501.4	0.98302
1501.6	0.98309
1501.8	0.98315
1502.0	0.9832
1502.2	0.98325
1502.4	0.98329
1502.6	0.98332
1502.8	0.98334
1503.0	0.98335
1503.2	0.98335
1503.4	0.98335
1503.6	0.98334
1503.8	0.98332
1504.0	0.98329
1504.2	0.98325
1504.4	0.9832
1504.6	0.98314
1504.8	0.98308
1505.0	0.98301
1505.2	0.98294
1505.4	0.98285
1505.6	0.98276
1505.8	0.98267
1506.0	0.98257
1506.2	0.98246
1506.4	0.98236
1506.6	0.98225
1506.8	0.98213
1507.0	0.98202
1507.2	0.9819
1507.4	0.98179
1507.6	0.98167
1507.8	0.98155
1508.0	0.98144
1508.2	0.98133
1508.4	0.98122
1508.6	0.98112
1508.8	0.98102
1509.0	0.98092
1509.2	0.98083
1509.4	0.98075
1509.6	0.98067
1509.8	0.9806
1510.0	0.98053
1510.2	0.98048
1510.4	0.98043
1510.6	0.98039
1510.8	0.98035
1511.0	0.98033
1511.2	0.98031
1511.4	0.9803
1511.6	0.9803
1511.8	0.98031
1512.0	0.98033
1512.2	0.98036
1512.4	0.98039
1512.6	0.98043
1512.8	0.98048
1513.0	0.98053
1513.2	0.9806
1513.4	0.98066
1513.6	0.98074
1513.8	0.98082
1514.0	0.9809
1514.2	0.98099
1514.4	0.98108
1514.6	0.98117
1514.8	0.98127
1515.0	0.98137
1515.2	0.98146
1515.4	0.98156
1515.6	0.98166
1515.8	0.98176
1516.0	0.98186
1516.2	0.98195
1516.4	0.98204
1516.6	0.98213
1516.8	0.98221
1517.0	0.98229
1517.2	0.98237
1517.4	0.98243
1517.6	0.9825
1517.8	0.98255
1518.0	0.9826
1518.2	0.98264
1518.4	0.98267
1518.6	0.9827
1518.8	0.98272
1519.0	0.98273
1519.2	0.98273
1519.4	0.98272
1519.6	0.98271
1519.8	0.98269
1520.0	0.98265
1520.2	0.98261
1520.4	0.98257
1520.6	0.98251
1520.8	0.98245
1521.0	0.98238
1521.2	0.98231
1521.4	0.98223
1521.6	0.98214
1521.8	0.98205
1522.0	0.98195
1522.2	0.98185
1522.4	0.98175
1522.6	0.98164
1522.8	0.98153
1523.0	0.98142
1523.2	0.9813
1523.4	0.98119
1523.6	0.98108
1523.8	0.98097
1524.0	0.98086
1524.2	0.98075
1524.4	0.98064
1524.6	0.98054
1524.8	0.98044
1525.0	0.98034
1525.2	0.98025
1525.4	0.98017
1525.6	0.98009
1525.8	0.98001
1526.0	0.97995
1526.2	0.97989
1526.4	0.97983
1526.6	0.97979
1526.8	0.97975
1527.0	0.97972
1527.2	0.9797
1527.4	0.97968
1527.6	0.97968
1527.8	0.97968
1528.0	0.97969
1528.2	0.9797
1528.4	0.97973
1528.6	0.97976
1528.8	0.9798
1529.0	0.97985
1529.2	0.9799
1529.4	0.97996
1529.6	0.98002
1529.8	0.98009
1530.0	0.98017
1530.2	0.98025
1530.4	0.98033
1530.6	0.98042
1530.8	0.98051
1531.0	0.9806
1531.2	0.98069
1531.4	0.98079
1531.6	0.98088
1531.8	0.98098
1532.0	0.98107
1532.2	0.98117
1532.4	0.98126
1532.6	0.98135
1532.8	0.98143
1533.0	0.98151
1533.2	0.98159
1533.4	0.98166
1533.6	0.98173
1533.8	0.98179
1534.0	0.98185
1534.2	0.9819
1534.4	0.98194
1534.6	0.98198
1534.8	0.98201
1535.0	0.98203
1535.2	0.98205
1535.4	0.98205
1535.6	0.98205
1535.8	0.98204
1536.0	0.98203
1536.2	0.982
1536.4	0.98197
1536.6	0.98193
1536.8	0.98188
1537.0	0.98183
1537.2	0.98177
1537.4	0.9817
1537.6	0.98163
1537.8	0.98155
1538.0	0.98147
1538.2	0.98138
1538.4	0.98129
1538.6	0.98119
1538.8	0.98109
1539.0	0.98099
1539.2	0.98088
1539.4	0.98077
1539.6	0.98066
1539.8	0.98055
1540.0	0.98044
1540.2	0.98034
1540.4	0.98023
1540.6	0.98012
1540.8	0.98002
1541.0	0.97992
1541.2	0.97982
1541.4	0.97973
1541.6	0.97964
1541.8	0.97955
1542.0	0.97947
1542.2	0.9794
1542.4	0.97933
1542.6	0.97926
1542.8	0.97921
1543.0	0.97916
1543.2	0.97912
1543.4	0.97908
1543.6	0.97905
1543.8	0.97903
1544.0	0.97902
1544.2	0.97901
1544.4	0.97902
1544.6	0.97903
1544.8	0.97904
1545.0	0.97907
1545.2	0.9791
1545.4	0.97913
1545.6	0.97918
1545.8	0.97922
1546.0	0.97928
1546.2	0.97934
1546.4	0.97941
1546.6	0.97948
1546.8	0.97955
1547.0	0.97963
1547.2	0.97971
1547.4	0.97979
1547.6	0.97988
1547.8	0.97997
1548.0	0.98005
1548.2	0.98014
1548.4	0.98023
1548.6	0.98032
1548.8	0.98041
1549.0	0.98049
1549.2	0.98058
1549.4	0.98066
1549.6	0.98073
1549.8	0.98081
1550.0	0.98088
1550.2	0.98094
1550.4	0.981
1550.6	0.98106
1550.8	0.98111
1551.0	0.98115
1551.2	0.98119
1551.4	0.98122
1551.6	0.98124
1551.8	0.98126
1552.0	0.98127
1552.2	0.98127
1552.4	0.98127
1552.6	0.98126
1552.8	0.98124
1553.0	0.98122
1553.2	0.98118
1553.4	0.98114
1553.6	0.9811
1553.8	0.98105
1554.0	0.98099
1554.2	0.98092
1554.4	0.98085
1554.6	0.98078
1554.8	0.9807
1555.0	0.98062
1555.2	0.98053
1555.4	0.98044
1555.6	0.98034
1555.8	0.98024
1556.0	0.98015
1556.2	0.98004
1556.4	0.97994
1556.6	0.97984
1556.8	0.97974
1557.0	0.97964
1557.2	0.97953
1557.4	0.97944
1557.6	0.97934
1557.8	0.97924
1558.0	0.97915
1558.2	0.97906
1558.4	0.97898
1558.6	0.9789
1558.8	0.97882
1559.0	0.97875
1559.2	0.97869
1559.4	0.97863
1559.6	0.97857
1559.8	0.97853
1560.0	0.97849
1560.2	0.97845
1560.4	0.97842
1560.6	0.9784
1560.8	0.97839
1561.0	0.97838
1561.2	0.97838
1561.4	0.97839
1561.6	0.9784
1561.8	0.97842
1562.0	0.97845
1562.2	0.97848
1562.4	0.97852
1562.6	0.97856
1562.8	0.97861
1563.0	0.97867
1563.2	0.97873
1563.4	0.97879
1563.6	0.97886
1563.8	0.97893
1564.0	0.97901
1564.2	0.97909
1564.4	0.97917
1564.6	0.97925
1564.8	0.97933
1565.0	0.97942
1565.2	0.9795
1565.4	0.97959
1565.6	0.97967
1565.8	0.97975
1566.0	0.97983
1566.2	0.97991
1566.4	0.97999
1566.6	0.98006
1566.8	0.98014
1567.0	0.9802
1567.2	0.98026
1567.4	0.98032
1567.6	0.98037
1567.8	0.98042
1568.0	0.98046
1568.2	0.9805
1568.4	0.98053
1568.6	0.98055
1568.8	0.98057
1569.0	0.98058
1569.2	0.98058
1569.4	0.98058
1569.6	0.98057
1569.8	0.98056
1570.0	0.98053
1570.2	0.9805
1570.4	0.98047
1570.6	0.98043
1570.8	0.98038
1571.0	0.98032
1571.2	0.98026
1571.4	0.9802
1571.6	0.98013
1571.8	0.98005
1572.0	0.97997
1572.2	0.97989
1572.4	0.9798
1572.6	0.97971
1572.8	0.97962
1573.0	0.97952
1573.2	0.97943
1573.4	0.97933
1573.6	0.97923
1573.8	0.97913
1574.0	0.97903
1574.2	0.97893
1574.4	0.97883
1574.6	0.97874
1574.8	0.97864
1575.0	0.97855
1575.2	0.97846
1575.4	0.97837
1575.6	0.97829
1575.8	0.97821
1576.0	0.97814
1576.2	0.97807
1576.4	0.97801
1576.6	0.97795
1576.8	0.9779
1577.0	0.97785
1577.2	0.97781
1577.4	0.97777
1577.6	0.97774
1577.8	0.97772
1578.0	0.97771
1578.2	0.9777
1578.4	0.9777
1578.6	0.9777
1578.8	0.97771
1579.0	0.97773
1579.2	0.97775
1579.4	0.97778
1579.6	0.97782
1579.8	0.97786
1580.0	0.9779
1580.2	0.97796
1580.4	0.97801
1580.6	0.97807
1580.8	0.97814
1581.0	0.97821
1581.2	0.97828
1581.4	0.97836
1581.6	0.97843
1581.8	0.97851
1582.0	0.9786
1582.2	0.97868
1582.4	0.97876
1582.6	0.97885
1582.8	0.97893
1583.0	0.97901
1583.2	0.9791
1583.4	0.97918
1583.6	0.97926
1583.8	0.97933
1584.0	0.97941
1584.2	0.97948
1584.4	0.97954
1584.6	0.97961
1584.8	0.97967
1585.0	0.97972
1585.2	0.97977
1585.4	0.97981
1585.6	0.97985
1585.8	0.97988
1586.0	0.97991
1586.2	0.97993
1586.4	0.97994
1586.6	0.97995
1586.8	0.97995
1587.0	0.97995
1587.2	0.97994
1587.4	0.97992
1587.6	0.97989
1587.8	0.97986
1588.0	0.97983
1588.2	0.97978
1588.4	0.97974
1588.6	0.97968
1588.8	0.97962
1589.0	0.97956
1589.2	0.97949
1589.4	0.97942
1589.6	0.97934
1589.8	0.97926
1590.0	0.97917
1590.2	0.97908
1590.4	0.97899
1590.6	0.9789
1590.8	0.9788
1591.0	0.97871
1591.2	0.97861
1591.4	0.97851
1591.6	0.97842
1591.8	0.97832
1592.0	0.97822
1592.2	0.97813
1592.4	0.97804
1592.6	0.97795
1592.8	0.97786
1593.0	0.97777
1593.2	0.97769
1593.4	0.97761
1593.6	0.97754
1593.8	0.97747
1594.0	0.97741
1594.2	0.97735
1594.4	0.97729
1594.6	0.97725
1594.8	0.9772
1595.0	0.97717
1595.2	0.97714
1595.4	0.97711
1595.6	0.97709
1595.8	0.97708
1596.0	0.97707
1596.2	0.97707
1596.4	0.97708
1596.6	0.97709
1596.8	0.97711
1597.0	0.97714
1597.2	0.97717
1597.4	0.9772
1597.6	0.97724
1597.8	0.97729
1598.0	0.97734
1598.2	0.9774
1598.4	0.97746
1598.6	0.97752
1598.8	0.97759
1599.0	0.97766
1599.2	0.97774
1599.4	0.97781
1599.6	0.97789
1599.8	0.97797
1600.0	0.97805
1600.2	0.97814
1600.4	0.97822
1600.6	0.9783
1600.8	0.97838
1601.0	0.97847
1601.2	0.97855
1601.4	0.97862
1601.6	0.9787
1601.8	0.97877
1602.0	0.97885
1602.2	0.97891
1602.4	0.97898
1602.6	0.97904
1602.8	0.97909
1603.0	0.97914
1603.2	0.97919
1603.4	0.97923
1603.6	0.97926
1603.8	0.97929
1604.0	0.97932
1604.2	0.97934
1604.4	0.97935
1604.6	0.97935
1604.8	0.97935
1605.0	0.97935
1605.2	0.97934
1605.4	0.97932
1605.6	0.97929
1605.8	0.97926
1606.0	0.97923
1606.2	0.97918
1606.4	0.97914
1606.6	0.97908
1606.8	0.97902
1607.0	0.97896
1607.2	0.97889
1607.4	0.97882
1607.6	0.97875
1607.8	0.97867
1608.0	0.97858
1608.2	0.9785
1608.4	0.97841
1608.6	0.97832
1608.8	0.97823
1609.0	0.97813
1609.2	0.97804
1609.4	0.97794
1609.6	0.97785
1609.8	0.97775
1610.0	0.97766
1610.2	0.97757
1610.4	0.97748
1610.6	0.97739
1610.8	0.9773
1611.0	0.97722
1611.2	0.97713
1611.4	0.97706
1611.6	0.97698
1611.8	0.97691
1612.0	0.97685
1612.2	0.97679
1612.4	0.97673
1612.6	0.97668
1612.8	0.97663
1613.0	0.97659
1613.2	0.97656
1613.4	0.97653
1613.6	0.97651
1613.8	0.97649
1614.0	0.97648
1614.2	0.97648
1614.4	0.97648
1614.6	0.97649
1614.8	0.9765
1615.0	0.97652
1615.2	0.97655
1615.4	0.97658
1615.6	0.97661
1615.8	0.97665
1616.0	0.9767
1616.2	0.97675
1616.4	0.97681
1616.6	0.97687
1616.8	0.97693
1617.0	0.977
1617.2	0.97707
1617.4	0.97714
1617.6	0.97722
1617.8	0.9773
1618.0	0.97738
1618.2	0.97746
1618.4	0.97754
1618.6	0.97762
1618.8	0.9777
1619.0	0.97779
1619.2	0.97787
1619.4	0.97795
1619.6	0.97803
1619.8	0.9781
1620.0	0.97818
1620.2	0.97825
1620.4	0.97832
1620.6	0.97839
1620.8	0.97845
1621.0	0.97851
1621.2	0.97856
1621.4	0.97861
1621.6	0.97866
1621.8	0.9787
1622.0	0.97873
1622.2	0.97876
1622.4	0.97879
1622.6	0.97881
1622.8	0.97882
1623.0	0.97882
1623.2	0.97883
1623.4	0.97882
1623.6	0.97881
1623.8	0.97879
1624.0	0.97877
1624.2	0.97874
1624.4	0.97871
1624.6	0.97867
1624.8	0.97862
1625.0	0.97857
1625.2	0.97852
1625.4	0.97846
1625.6	0.97839
1625.8	0.97832
1626.0	0.97825
1626.2	0.97817
1626.4	0.97809
1626.6	0.97801
1626.8	0.97793
1627.0	0.97784
1627.2	0.97775
1627.4	0.97766
1627.6	0.97757
1627.8	0.97747
1628.0	0.97738
1628.2	0.97729
1628.4	0.9772
1628.6	0.9771
1628.8	0.97701
1629.0	0.97693
1629.2	0.97684
1629.4	0.97675
1629.6	0.97667
1629.8	0.97659
1630.0	0.97652
1630.2	0.97645
1630.4	0.97638
1630.6	0.97632
1630.8	0.97626
1631.0	0.9762
1631.2	0.97615
1631.4	0.97611
1631.6	0.97607
1631.8	0.97604
1632.0	0.97601
1632.2	0.97599
1632.4	0.97597
1632.6	0.97596
1632.8	0.97596
1633.0	0.97596
1633.2	0.97597
1633.4	0.97598
1633.6	0.976
1633.8	0.97602
1634.0	0.97605
1634.2	0.97609
1634.4	0.97613
1634.6	0.97617
1634.8	0.97622
1635.0	0.97627
1635.2	0.97633
1635.4	0.97639
1635.6	0.97646
1635.8	0.97653
1636.0	0.9766
1636.2	0.97667
1636.4	0.97675
1636.6	0.97683
1636.8	0.97691
1637.0	0.97699
1637.2	0.97707
1637.4	0.97716
1637.6	0.97724
1637.8	0.97732
1638.0	0.9774
1638.2	0.97748
1638.4	0.97756
1638.6	0.97764
1638.8	0.97772
1639.0	0.97779
1639.2	0.97786
1639.4	0.97793
1639.6	0.97799
1639.8	0.97805
1640.0	0.9781
1640.2	0.97815
1640.4	0.9782
1640.6	0.97824
1640.8	0.97828
1641.0	0.97831
1641.2	0.97834
1641.4	0.97836
1641.6	0.97837
1641.8	0.97838
1642.0	0.97839
1642.2	0.97838
1642.4	0.97838
1642.6	0.97836
1642.8	0.97834
1643.0	0.97832
1643.2	0.97829
1643.4	0.97825
1643.6	0.97821
1643.8	0.97817
1644.0	0.97812
1644.2	0.97806
1644.4	0.978
1644.6	0.97794
1644.8	0.97787
1645.0	0.9778
1645.2	0.97772
1645.4	0.97765
1645.6	0.97756
1645.8	0.97748
1646.0	0.9774
1646.2	0.97731
1646.4	0.97722
1646.6	0.97713
1646.8	0.97704
1647.0	0.97695
1647.2	0.97686
1647.4	0.97677
1647.6	0.97668
1647.8	0.97659
1648.0	0.9765
1648.2	0.97642
1648.4	0.97633
1648.6	0.97625
1648.8	0.97618
1649.0	0.9761
1649.2	0.97603
1649.4	0.97596
1649.6	0.9759
1649.8	0.97584
1650.0	0.97579
1650.2	0.97574
1650.4	0.97569
1650.6	0.97566
1650.8	0.97562
1651.0	0.97559
1651.2	0.97557
1651.4	0.97555
1651.6	0.97554
1651.8	0.97553
1652.0	0.97553
1652.2	0.97553
1652.4	0.97554
1652.6	0.97556
1652.8	0.97558
1653.0	0.97561
1653.2	0.97564
1653.4	0.97567
1653.6	0.97571
1653.8	0.97576
1654.0	0.97581
1654.2	0.97586
1654.4	0.97592
1654.6	0.97599
1654.8	0.97605
1655.0	0.97612
1655.2	0.97619
1655.4	0.97627
1655.6	0.97634
1655.8	0.97642
1656.0	0.9765
1656.2	0.97658
1656.4	0.97666
1656.6	0.97675
1656.8	0.97683
1657.0	0.97691
1657.2	0.97699
1657.4	0.97707
1657.6	0.97715
1657.8	0.97723
1658.0	0.97731
1658.2	0.97738
1658.4	0.97745
1658.6	0.97752
1658.8	0.97759
1659.0	0.97765
1659.2	0.97771
1659.4	0.97776
1659.6	0.97781
1659.8	0.97785
1660.0	0.97789
1660.2	0.97793
1660.4	0.97796
1660.6	0.97799
1660.8	0.97801
1661.0	0.97802
1661.2	0.97803
1661.4	0.97803
1661.6	0.97803
1661.8	0.97802
1662.0	0.97801
1662.2	0.97799
1662.4	0.97797
1662.6	0.97794
1662.8	0.97791
1663.0	0.97787
1663.2	0.97782
1663.4	0.97778
1663.6	0.97772
1663.8	0.97767
1664.0	0.9776
1664.2	0.97754
1664.4	0.97747
1664.6	0.9774
1664.8	0.97732
1665.0	0.97724
1665.2	0.97716
1665.4	0.97708
1665.6	0.977
1665.8	0.97691
1666.0	0.97682
1666.2	0.97674
1666.4	0.97665
1666.6	0.97656
1666.8	0.97647
1667.0	0.97638
1667.2	0.9763
1667.4	0.97621
1667.6	0.97613
1667.8	0.97605
1668.0	0.97597
1668.2	0.97589
1668.4	0.97582
1668.6	0.97574
1668.8	0.97568
1669.0	0.97561
1669.2	0.97555
1669.4	0.9755
1669.6	0.97545
1669.8	0.9754
1670.0	0.97536
1670.2	0.97532
1670.4	0.97529
1670.6	0.97526
1670.8	0.97524
1671.0	0.97522
1671.2	0.97521
1671.4	0.97521
1671.6	0.97521
1671.8	0.97521
1672.0	0.97522
1672.2	0.97524
1672.4	0.97526
1672.6	0.97528
1672.8	0.97531
1673.0	0.97535
1673.2	0.97539
1673.4	0.97544
1673.6	0.97549
1673.8	0.97554
1674.0	0.9756
1674.2	0.97566
1674.4	0.97572
1674.6	0.97579
1674.8	0.97586
1675.0	0.97593
1675.2	0.97601
1675.4	0.97609
1675.6	0.97617
1675.8	0.97625
1676.0	0.97633
1676.2	0.97641
1676.4	0.97649
1676.6	0.97658
1676.8	0.97666
1677.0	0.97674
1677.2	0.97682
1677.4	0.9769
1677.6	0.97698
1677.8	0.97705
1678.0	0.97713
1678.2	0.9772
1678.4	0.97727
1678.6	0.97733
1678.8	0.97739
1679.0	0.97745
1679.2	0.97751
1679.4	0.97756
1679.6	0.9776
1679.8	0.97764
1680.0	0.97768
1680.2	0.97771
1680.4	0.97774
1680.6	0.97776
1680.8	0.97778
1681.0	0.97779
1681.2	0.9778
1681.4	0.9778
1681.6	0.97779
1681.8	0.97778
1682.0	0.97777
1682.2	0.97775
1682.4	0.97773
1682.6	0.9777
1682.8	0.97766
1683.0	0.97762
1683.2	0.97758
1683.4	0.97753
1683.6	0.97748
1683.8	0.97742
1684.0	0.97736
1684.2	0.97729
1684.4	0.97723
1684.6	0.97715
1684.8	0.97708
1685.0	0.977
1685.2	0.97693
1685.4	0.97684
1685.6	0.97676
1685.8	0.97668
1686.0	0.97659
1686.2	0.97651
1686.4	0.97642
1686.6	0.97634
1686.8	0.97625
1687.0	0.97617
1687.2	0.97608
1687.4	0.976
1687.6	0.97592
1687.8	0.97584
1688.0	0.97576
1688.2	0.97569
1688.4	0.97562
1688.6	0.97555
1688.8	0.97548
1689.0	0.97542
1689.2	0.97536
1689.4	0.9753
1689.6	0.97525
1689.8	0.97521
1690.0	0.97517
1690.2	0.97513
1690.4	0.9751
1690.6	0.97507
1690.8	0.97505
1691.0	0.97503
1691.2	0.97502
1691.4	0.97501
1691.6	0.97501
1691.8	0.97501
1692.0	0.97502
1692.2	0.97503
1692.4	0.97505
1692.6	0.97507
1692.8	0.9751
1693.0	0.97513
1693.2	0.97517
1693.4	0.97521
1693.6	0.97526
1693.8	0.97531
1694.0	0.97536
1694.2	0.97542
1694.4	0.97548
1694.6	0.97555
1694.8	0.97561
1695.0	0.97569
1695.2	0.97576
1695.4	0.97583
1695.6	0.97591
1695.8	0.97599
1696.0	0.97607
1696.2	0.97615
1696.4	0.97623
1696.6	0.97631
1696.8	0.9764
1697.0	0.97648
1697.2	0.97656
1697.4	0.97664
1697.6	0.97672
1697.8	0.9768
1698.0	0.97687
1698.2	0.97695
1698.4	0.97702
1698.6	0.97709
1698.8	0.97716
1699.0	0.97722
1699.2	0.97728
1699.4	0.97733
1699.6	0.97739
1699.8	0.97744
1700.0	0.97748
1700.2	0.97752
1700.4	0.97755
1700.6	0.97759
1700.8	0.97761
1701.0	0.97763
1701.2	0.97765
1701.4	0.97766
1701.6	0.97767
1701.8	0.97767
1702.0	0.97766
1702.2	0.97765
1702.4	0.97764
1702.6	0.97762
1702.8	0.9776
1703.0	0.97757
1703.2	0.97754
1703.4	0.9775
1703.6	0.97746
1703.8	0.97741
1704.0	0.97736
1704.2	0.97731
1704.4	0.97725
1704.6	0.97719
1704.8	0.97712
1705.0	0.97705
1705.2	0.97698
1705.4	0.97691
1705.6	0.97684
1705.8	0.97676
1706.0	0.97668
1706.2	0.9766
1706.4	0.97652
1706.6	0.97644
1706.8	0.97635
1707.0	0.97627
1707.2	0.97619
1707.4	0.97611
1707.6	0.97603
1707.8	0.97595
1708.0	0.97587
1708.2	0.97579
1708.4	0.97572
1708.6	0.97564
1708.8	0.97557
1709.0	0.9755
1709.2	0.97544
1709.4	0.97538
1709.6	0.97532
1709.8	0.97527
1710.0	0.97521
1710.2	0.97517
1710.4	0.97513
1710.6	0.97509
1710.8	0.97505
1711.0	0.97502
1711.2	0.975
1711.4	0.97498
1711.6	0.97496
1711.8	0.97495
1712.0	0.97495
1712.2	0.97495
1712.4	0.97495
1712.6	0.97496
1712.8	0.97498
1713.0	0.975
1713.2	0.97502
1713.4	0.97505
1713.6	0.97508
1713.8	0.97512
1714.0	0.97516
1714.2	0.97521
1714.4	0.97526
1714.6	0.97531
1714.8	0.97537
1715.0	0.97543
1715.2	0.9755
1715.4	0.97556
1715.6	0.97563
1715.8	0.97571
1716.0	0.97578
1716.2	0.97586
1716.4	0.97593
1716.6	0.97601
1716.8	0.97609
1717.0	0.97618
1717.2	0.97626
1717.4	0.97634
1717.6	0.97642
1717.8	0.9765
1718.0	0.97658
1718.2	0.97666
1718.4	0.97674
1718.6	0.97682
1718.8	0.97689
1719.0	0.97697
1719.2	0.97704
1719.4	0.97711
1719.6	0.97717
1719.8	0.97723
1720.0	0.97729
1720.2	0.97735
1720.4	0.9774
1720.6	0.97745
1720.8	0.97749
1721.0	0.97753
1721.2	0.97757
1721.4	0.9776
1721.6	0.97763
1721.8	0.97765
1722.0	0.97766
1722.2	0.97768
1722.4	0.97768
1722.6	0.97769
1722.8	0.97768
1723.0	0.97768
1723.2	0.97766
1723.4	0.97765
1723.6	0.97763
1723.8	0.9776
1724.0	0.97757
1724.2	0.97753
1724.4	0.97749
1724.6	0.97745
1724.8	0.9774
1725.0	0.97735
1725.2	0.9773
1725.4	0.97724
1725.6	0.97718
1725.8	0.97711
1726.0	0.97705
1726.2	0.97698
1726.4	0.9769
1726.6	0.97683
1726.8	0.97675
1727.0	0.97668
1727.2	0.9766
1727.4	0.97652
1727.6	0.97644
1727.8	0.97636
1728.0	0.97628
1728.2	0.9762
1728.4	0.97612
1728.6	0.97604
1728.8	0.97596
1729.0	0.97589
1729.2	0.97581
1729.4	0.97574
1729.6	0.97567
1729.8	0.9756
1730.0	0.97554
1730.2	0.97547
1730.4	0.97541
1730.6	0.97536
1730.8	0.97531
1731.0	0.97526
1731.2	0.97521
1731.4	0.97517
1731.6	0.97514
1731.8	0.9751
1732.0	0.97508
1732.2	0.97505
1732.4	0.97504
1732.6	0.97502
1732.8	0.97501
1733.0	0.97501
1733.2	0.97501
1733.4	0.97502
1733.6	0.97503
1733.8	0.97504
1734.0	0.97506
1734.2	0.97509
1734.4	0.97512
1734.6	0.97515
1734.8	0.97519
1735.0	0.97523
1735.2	0.97528
1735.4	0.97533
1735.6	0.97539
1735.8	0.97545
1736.0	0.97551
1736.2	0.97557
1736.4	0.97564
1736.6	0.97571
1736.8	0.97579
1737.0	0.97587
1737.2	0.97594
1737.4	0.97602
1737.6	0.97611
1737.8	0.97619
1738.0	0.97627
1738.2	0.97636
1738.4	0.97644
1738.6	0.97653
1738.8	0.97661
1739.0	0.9767
1739.2	0.97678
1739.4	0.97687
1739.6	0.97695
1739.8	0.97703
1740.0	0.97711
1740.2	0.97719
1740.4	0.97726
1740.6	0.97733
1740.8	0.9774
1741.0	0.97747
1741.2	0.97753
1741.4	0.97759
1741.6	0.97765
1741.8	0.9777
1742.0	0.97775
1742.2	0.97779
1742.4	0.97783
1742.6	0.97787
1742.8	0.9779
1743.0	0.97793
1743.2	0.97795
1743.4	0.97797
1743.6	0.97798
1743.8	0.97798
1744.0	0.97799
1744.2	0.97798
1744.4	0.97798
1744.6	0.97796
1744.8	0.97795
1745.0	0.97793
1745.2	0.9779
1745.4	0.97787
1745.6	0.97783
1745.8	0.97779
1746.0	0.97775
1746.2	0.9777
1746.4	0.97765
1746.6	0.97759
1746.8	0.97754
1747.0	0.97747
1747.2	0.97741
1747.4	0.97734
1747.6	0.97727
1747.8	0.9772
1748.0	0.97712
1748.2	0.97705
1748.4	0.97697
1748.6	0.97689
1748.8	0.97681
1749.0	0.97673
1749.2	0.97665
1749.4	0.97656
1749.6	0.97648
1749.8	0.9764
1750.0	0.97632
1750.2	0.97624
1750.4	0.97617
1750.6	0.97609
1750.8	0.97601
1751.0	0.97594
1751.2	0.97587
1751.4	0.97581
1751.6	0.97574
1751.8	0.97568
1752.0	0.97562
1752.2	0.97557
1752.4	0.97552
1752.6	0.97547
1752.8	0.97543
1753.0	0.97539
1753.2	0.97535
1753.4	0.97532
1753.6	0.9753
1753.8	0.97528
1754.0	0.97526
1754.2	0.97525
1754.4	0.97525
1754.6	0.97525
1754.8	0.97525
1755.0	0.97526
1755.2	0.97527
1755.4	0.97529
1755.6	0.97532
1755.8	0.97535
1756.0	0.97538
1756.2	0.97542
1756.4	0.97547
1756.6	0.97551
1756.8	0.97557
1757.0	0.97563
1757.2	0.97569
1757.4	0.97575
1757.6	0.97582
1757.8	0.97589
1758.0	0.97597
1758.2	0.97605
1758.4	0.97613
1758.6	0.97622
1758.8	0.9763
1759.0	0.97639
1759.2	0.97649
1759.4	0.97658
1759.6	0.97667
1759.8	0.97677
1760.0	0.97687
1760.2	0.97696
1760.4	0.97706
1760.6	0.97716
1760.8	0.97725
1761.0	0.97735
1761.2	0.97745
1761.4	0.97754
1761.6	0.97763
1761.8	0.97772
1762.0	0.97781
1762.2	0.9779
1762.4	0.97798
1762.6	0.97807
1762.8	0.97814
1763.0	0.97822
1763.2	0.97829
1763.4	0.97836
1763.6	0.97842
1763.8	0.97848
1764.0	0.97854
1764.2	0.97859
1764.4	0.97864
1764.6	0.97868
1764.8	0.97872
1765.0	0.97875
1765.2	0.97877
1765.4	0.9788
1765.6	0.97881
1765.8	0.97882
1766.0	0.97883
1766.2	0.97883
1766.4	0.97883
1766.6	0.97882
1766.8	0.9788
1767.0	0.97878
1767.2	0.97876
1767.4	0.97873
1767.6	0.97869
1767.8	0.97865
1768.0	0.97861
1768.2	0.97856
1768.4	0.97851
1768.6	0.97845
1768.8	0.97839
1769.0	0.97833
1769.2	0.97826
1769.4	0.97819
1769.6	0.97811
1769.8	0.97803
1770.0	0.97795
1770.2	0.97787
1770.4	0.97779
1770.6	0.9777
1770.8	0.97761
1771.0	0.97752
1771.2	0.97743
1771.4	0.97734
1771.6	0.97725
1771.8	0.97716
1772.0	0.97707
1772.2	0.97698
1772.4	0.97689
1772.6	0.9768
1772.8	0.97671
1773.0	0.97663
1773.2	0.97654
1773.4	0.97646
1773.6	0.97638
1773.8	0.97631
1774.0	0.97623
1774.2	0.97616
1774.4	0.9761
1774.6	0.97604
1774.8	0.97598
1775.0	0.97592
1775.2	0.97587
1775.4	0.97582
1775.6	0.97578
1775.8	0.97574
1776.0	0.97571
1776.2	0.97568
1776.4	0.97566
1776.6	0.97564
1776.8	0.97563
1777.0	0.97562
1777.2	0.97562
1777.4	0.97563
1777.6	0.97564
1777.8	0.97565
1778.0	0.97567
1778.2	0.97569
1778.4	0.97572
1778.6	0.97576
1778.8	0.9758
1779.0	0.97584
1779.2	0.97589
1779.4	0.97595
1779.6	0.97601
1779.8	0.97607
1780.0	0.97614
1780.2	0.97621
1780.4	0.97628
1780.6	0.97636
1780.8	0.97645
1781.0	0.97653
1781.2	0.97662
1781.4	0.97671
1781.6	0.97681
1781.8	0.9769
1782.0	0.977
1782.2	0.9771
1782.4	0.9772
1782.6	0.9773
1782.8	0.97741
1783.0	0.97751
1783.2	0.97761
1783.4	0.97772
1783.6	0.97782
1783.8	0.97793
1784.0	0.97803
1784.2	0.97813
1784.4	0.97823
1784.6	0.97833
1784.8	0.97842
1785.0	0.97852
1785.2	0.97861
1785.4	0.9787
1785.6	0.97878
1785.8	0.97886
1786.0	0.97894
1786.2	0.97902
1786.4	0.97909
1786.6	0.97915
1786.8	0.97922
1787.0	0.97928
1787.2	0.97933
1787.4	0.97938
1787.6	0.97942
1787.8	0.97946
1788.0	0.9795
1788.2	0.97952
1788.4	0.97955
1788.6	0.97957
1788.8	0.97958
1789.0	0.97959
1789.2	0.97959
1789.4	0.97959
1789.6	0.97958
1789.8	0.97957
1790.0	0.97955
1790.2	0.97953
1790.4	0.9795
1790.6	0.97946
1790.8	0.97942
1791.0	0.97938
1791.2	0.97933
1791.4	0.97928
1791.6	0.97923
1791.8	0.97917
1792.0	0.9791
1792.2	0.97903
1792.4	0.97896
1792.6	0.97889
1792.8	0.97881
1793.0	0.97873
1793.2	0.97865
1793.4	0.97856
1793.6	0.97848
1793.8	0.97839
1794.0	0.9783
1794.2	0.97821
1794.4	0.97811
1794.6	0.97802
1794.8	0.97793
1795.0	0.97784
1795.2	0.97774
1795.4	0.97765
1795.6	0.97756
1795.8	0.97747
1796.0	0.97738
1796.2	0.97729
1796.4	0.9772
1796.6	0.97712
1796.8	0.97704
1797.0	0.97696
1797.2	0.97688
1797.4	0.97681
1797.6	0.97674
1797.8	0.97667
1798.0	0.97661
1798.2	0.97655
1798.4	0.97649
1798.6	0.97644
1798.8	0.9764
1799.0	0.97636
1799.2	0.97632
1799.4	0.97628
1799.6	0.97626
1799.8	0.97623
1800.0	0.97622
1800.2	0.9762
1800.4	0.97619
1800.6	0.97619
1800.8	0.97619
1801.0	0.9762
1801.2	0.97621
1801.4	0.97623
1801.6	0.97625
1801.8	0.97628
1802.0	0.97631
1802.2	0.97635
1802.4	0.97639
1802.6	0.97644
1802.8	0.97649
1803.0	0.97654
1803.2	0.9766
1803.4	0.97667
1803.6	0.97673
1803.8	0.9768
1804.0	0.97688
1804.2	0.97696
1804.4	0.97704
1804.6	0.97712
1804.8	0.97721
1805.0	0.9773
1805.2	0.97739
1805.4	0.97748
1805.6	0.97757
1805.8	0.97767
1806.0	0.97777
1806.2	0.97787
1806.4	0.97796
1806.6	0.97806
1806.8	0.97816
1807.0	0.97826
1807.2	0.97836
1807.4	0.97846
1807.6	0.97856
1807.8	0.97865
1808.0	0.97875
1808.2	0.97884
1808.4	0.97893
1808.6	0.97902
1808.8	0.9791
1809.0	0.97919
1809.2	0.97927
1809.4	0.97935
1809.6	0.97942
1809.8	0.97949
1810.0	0.97956
1810.2	0.97962
1810.4	0.97968
1810.6	0.97974
1810.8	0.97979
1811.0	0.97984
1811.2	0.97988
1811.4	0.97992
1811.6	0.97995
1811.8	0.97998
1812.0	0.98
1812.2	0.98002
1812.4	0.98004
1812.6	0.98004
1812.8	0.98005
1813.0	0.98005
1813.2	0.98004
1813.4	0.98003
1813.6	0.98002
1813.8	0.98
1814.0	0.97997
1814.2	0.97994
1814.4	0.97991
1814.6	0.97987
1814.8	0.97983
1815.0	0.97978
1815.2	0.97973
1815.4	0.97968
1815.6	0.97962
1815.8	0.97956
1816.0	0.9795
1816.2	0.97943
1816.4	0.97936
1816.6	0.97929
1816.8	0.97922
1817.0	0.97914
1817.2	0.97906
1817.4	0.97898
1817.6	0.9789
1817.8	0.97881
1818.0	0.97873
1818.2	0.97865
1818.4	0.97856
1818.6	0.97848
1818.8	0.97839
1819.0	0.9783
1819.2	0.97822
1819.4	0.97814
1819.6	0.97805
1819.8	0.97797
1820.0	0.97789
1820.2	0.97781
1820.4	0.97774
1820.6	0.97766
1820.8	0.97759
1821.0	0.97752
1821.2	0.97746
1821.4	0.97739
1821.6	0.97733
1821.8	0.97728
1822.0	0.97722
1822.2	0.97717
1822.4	0.97713
1822.6	0.97709
1822.8	0.97705
1823.0	0.97701
1823.2	0.97698
1823.4	0.97696
1823.6	0.97694
1823.8	0.97692
1824.0	0.97691
1824.2	0.9769
1824.4	0.9769
1824.6	0.9769
1824.8	0.97691
1825.0	0.97692
1825.2	0.97693
1825.4	0.97696
1825.6	0.97698
1825.8	0.97701
1826.0	0.97704
1826.2	0.97708
1826.4	0.97712
1826.6	0.97717
1826.8	0.97722
1827.0	0.97727
1827.2	0.97733
1827.4	0.97739
1827.6	0.97746
1827.8	0.97752
1828.0	0.97759
1828.2	0.97767
1828.4	0.97774
1828.6	0.97782
1828.8	0.9779
1829.0	0.97799
1829.2	0.97807
1829.4	0.97816
1829.6	0.97825
1829.8	0.97833
1830.0	0.97842
1830.2	0.97852
1830.4	0.97861
1830.6	0.9787
1830.8	0.97879
1831.0	0.97888
1831.2	0.97897
1831.4	0.97906
1831.6	0.97915
1831.8	0.97924
1832.0	0.97933
1832.2	0.97941
1832.4	0.9795
1832.6	0.97958
1832.8	0.97966
1833.0	0.97973
1833.2	0.97981
1833.4	0.97988
1833.6	0.97995
1833.8	0.98001
1834.0	0.98008
1834.2	0.98013
1834.4	0.98019
1834.6	0.98024
1834.8	0.98029
1835.0	0.98033
1835.2	0.98037
1835.4	0.98041
1835.6	0.98044
1835.8	0.98047
1836.0	0.98049
1836.2	0.98051
1836.4	0.98053
1836.6	0.98054
1836.8	0.98054
1837.0	0.98054
1837.2	0.98054
1837.4	0.98053
1837.6	0.98052
1837.8	0.98051
1838.0	0.98049
1838.2	0.98046
1838.4	0.98043
1838.6	0.9804
1838.8	0.98037
1839.0	0.98033
1839.2	0.98028
1839.4	0.98024
1839.6	0.98019
1839.8	0.98014
1840.0	0.98008
1840.2	0.98002
1840.4	0.97996
1840.6	0.9799
1840.8	0.97983
1841.0	0.97977
1841.2	0.9797
1841.4	0.97962
1841.6	0.97955
1841.8	0.97948
1842.0	0.9794
1842.2	0.97933
1842.4	0.97925
1842.6	0.97918
1842.8	0.9791
1843.0	0.97902
1843.2	0.97895
1843.4	0.97887
1843.6	0.9788
1843.8	0.97872
1844.0	0.97865
1844.2	0.97858
1844.4	0.97851
1844.6	0.97844
1844.8	0.97838
1845.0	0.97831
1845.2	0.97825
1845.4	0.9782
1845.6	0.97814
1845.8	0.97809
1846.0	0.97804
1846.2	0.97799
1846.4	0.97795
1846.6	0.97791
1846.8	0.97787
1847.0	0.97784
1847.2	0.97781
1847.4	0.97778
1847.6	0.97776
1847.8	0.97774
1848.0	0.97773
1848.2	0.97772
1848.4	0.97772
1848.6	0.97771
1848.8	0.97772
1849.0	0.97773
1849.2	0.97774
1849.4	0.97775
1849.6	0.97777
1849.8	0.9778
1850.0	0.97782
1850.2	0.97786
1850.4	0.97789
1850.6	0.97793
1850.8	0.97797
1851.0	0.97802
1851.2	0.97807
1851.4	0.97813
1851.6	0.97818
1851.8	0.97824
1852.0	0.97831
1852.2	0.97837
1852.4	0.97844
1852.6	0.97851
1852.8	0.97859
1853.0	0.97866
1853.2	0.97874
1853.4	0.97882
1853.6	0.9789
1853.8	0.97899
1854.0	0.97907
1854.2	0.97916
1854.4	0.97924
1854.6	0.97933
1854.8	0.97942
1855.0	0.9795
1855.2	0.97959
1855.4	0.97968
1855.6	0.97977
1855.8	0.97985
1856.0	0.97994
1856.2	0.98002
1856.4	0.98011
1856.6	0.98019
1856.8	0.98027
1857.0	0.98035
1857.2	0.98042
1857.4	0.9805
1857.6	0.98057
1857.8	0.98064
1858.0	0.98071
1858.2	0.98077
1858.4	0.98083
1858.6	0.98089
1858.8	0.98094
1859.0	0.981
1859.2	0.98104
1859.4	0.98109
1859.6	0.98113
1859.8	0.98117
1860.0	0.9812
1860.2	0.98123
1860.4	0.98126
1860.6	0.98128
1860.8	0.98129
1861.0	0.98131
1861.2	0.98132
1861.4	0.98132
1861.6	0.98132
1861.8	0.98132
1862.0	0.98132
1862.2	0.98131
1862.4	0.98129
1862.6	0.98127
1862.8	0.98125
1863.0	0.98123
1863.2	0.9812
1863.4	0.98116
1863.6	0.98113
1863.8	0.98109
1864.0	0.98104
1864.2	0.981
1864.4	0.98095
1864.6	0.9809
1864.8	0.98085
1865.0	0.98079
1865.2	0.98073
1865.4	0.98067
1865.6	0.98061
1865.8	0.98054
1866.0	0.98048
1866.2	0.98041
1866.4	0.98034
1866.6	0.98027
1866.8	0.9802
1867.0	0.98013
1867.2	0.98006
1867.4	0.97999
1867.6	0.97991
1867.8	0.97984
1868.0	0.97977
1868.2	0.9797
1868.4	0.97963
1868.6	0.97956
1868.8	0.97949
1869.0	0.97943
1869.2	0.97936
1869.4	0.9793
1869.6	0.97924
1869.8	0.97918
1870.0	0.97912
1870.2	0.97907
1870.4	0.97901
1870.6	0.97896
1870.8	0.97892
1871.0	0.97887
1871.2	0.97883
1871.4	0.97879
1871.6	0.97876
1871.8	0.97873
1872.0	0.9787
1872.2	0.97868
1872.4	0.97866
1872.6	0.97864
1872.8	0.97863
1873.0	0.97862
1873.2	0.97861
1873.4	0.97861
1873.6	0.97861
1873.8	0.97862
1874.0	0.97863
1874.2	0.97864
1874.4	0.97866
1874.6	0.97868
1874.8	0.97871
1875.0	0.97874
1875.2	0.97877
1875.4	0.9788
1875.6	0.97884
1875.8	0.97889
1876.0	0.97893
1876.2	0.97898
1876.4	0.97904
1876.6	0.97909
1876.8	0.97915
1877.0	0.97921
1877.2	0.97928
1877.4	0.97934
1877.6	0.97941
1877.8	0.97949
1878.0	0.97956
1878.2	0.97963
1878.4	0.97971
1878.6	0.97979
1878.8	0.97987
1879.0	0.97995
1879.2	0.98003
1879.4	0.98012
1879.6	0.9802
1879.8	0.98029
1880.0	0.98037
1880.2	0.98045
1880.4	0.98054
1880.6	0.98062
1880.8	0.98071
1881.0	0.98079
1881.2	0.98087
1881.4	0.98095
1881.6	0.98103
1881.8	0.98111
1882.0	0.98119
1882.2	0.98126
1882.4	0.98134
1882.6	0.98141
1882.8	0.98147
1883.0	0.98154
1883.2	0.98161
1883.4	0.98167
1883.6	0.98173
1883.8	0.98178
1884.0	0.98183
1884.2	0.98188
1884.4	0.98193
1884.6	0.98197
1884.8	0.98201
1885.0	0.98205
1885.2	0.98208
1885.4	0.98211
1885.6	0.98213
1885.8	0.98216
1886.0	0.98217
1886.2	0.98219
1886.4	0.9822
1886.6	0.98221
1886.8	0.98221
1887.0	0.98221
1887.2	0.9822
1887.4	0.98219
1887.6	0.98218
1887.8	0.98217
1888.0	0.98215
1888.2	0.98213
1888.4	0.9821
1888.6	0.98207
1888.8	0.98204
1889.0	0.982
1889.2	0.98196
1889.4	0.98192
1889.6	0.98188
1889.8	0.98183
1890.0	0.98178
1890.2	0.98173
1890.4	0.98168
1890.6	0.98162
1890.8	0.98156
1891.0	0.9815
1891.2	0.98144
1891.4	0.98138
1891.6	0.98131
1891.8	0.98125
1892.0	0.98118
1892.2	0.98112
1892.4	0.98105
1892.6	0.98098
1892.8	0.98091
1893.0	0.98085
1893.2	0.98078
1893.4	0.98071
1893.6	0.98064
1893.8	0.98058
1894.0	0.98051
1894.2	0.98045
1894.4	0.98038
1894.6	0.98032
1894.8	0.98026
1895.0	0.9802
1895.2	0.98015
1895.4	0.98009
1895.6	0.98004
1895.8	0.97999
1896.0	0.97994
1896.2	0.9799
1896.4	0.97986
1896.6	0.97982
1896.8	0.97978
1897.0	0.97975
1897.2	0.97971
1897.4	0.97969
1897.6	0.97966
1897.8	0.97964
1898.0	0.97963
1898.2	0.97961
1898.4	0.9796
1898.6	0.97959
1898.8	0.97959
1899.0	0.97959
1899.2	0.9796
1899.4	0.9796
1899.6	0.97961
1899.8	0.97963
1900.0	0.97965
1900.2	0.97967
1900.4	0.97969
1900.6	0.97972
1900.8	0.97976
1901.0	0.97979
1901.2	0.97983
1901.4	0.97987
1901.6	0.97992
1901.8	0.97997
1902.0	0.98002
1902.2	0.98007
1902.4	0.98013
1902.6	0.98019
1902.8	0.98025
1903.0	0.98032
1903.2	0.98039
1903.4	0.98046
1903.6	0.98053
1903.8	0.9806
1904.0	0.98067
1904.2	0.98075
1904.4	0.98083
1904.6	0.98091
1904.8	0.98099
1905.0	0.98107
1905.2	0.98115
1905.4	0.98123
1905.6	0.98131
1905.8	0.9814
1906.0	0.98148
1906.2	0.98156
1906.4	0.98164
1906.6	0.98172
1906.8	0.9818
1907.0	0.98188
1907.2	0.98196
1907.4	0.98204
1907.6	0.98212
1907.8	0.98219
1908.0	0.98227
1908.2	0.98234
1908.4	0.98241
1908.6	0.98247
1908.8	0.98254
1909.0	0.9826
1909.2	0.98266
1909.4	0.98272
1909.6	0.98277
1909.8	0.98283
1910.0	0.98288
1910.2	0.98292
1910.4	0.98297
1910.6	0.98301
1910.8	0.98304
1911.0	0.98308
1911.2	0.9831
1911.4	0.98313
1911.6	0.98315
1911.8	0.98317
1912.0	0.98319
1912.2	0.9832
1912.4	0.98321
1912.6	0.98322
1912.8	0.98322
1913.0	0.98322
1913.2	0.98321
1913.4	0.9832
1913.6	0.98319
1913.8	0.98317
1914.0	0.98316
1914.2	0.98313
1914.4	0.98311
1914.6	0.98308
1914.8	0.98305
1915.0	0.98301
1915.2	0.98298
1915.4	0.98294
1915.6	0.98289
1915.8	0.98285
1916.0	0.9828
1916.2	0.98275
1916.4	0.9827
1916.6	0.98265
1916.8	0.98259
1917.0	0.98253
1917.2	0.98247
1917.4	0.98241
1917.6	0.98235
1917.8	0.98229
1918.0	0.98222
1918.2	0.98216
1918.4	0.98209
1918.6	0.98203
1918.8	0.98196
1919.0	0.9819
1919.2	0.98183
1919.4	0.98177
1919.6	0.9817
1919.8	0.98164
1920.0	0.98157
1920.2	0.98151
1920.4	0.98145
1920.6	0.98139
1920.8	0.98133
1921.0	0.98127
1921.2	0.98121
1921.4	0.98116
1921.6	0.9811
1921.8	0.98105
1922.0	0.981
1922.2	0.98096
1922.4	0.98091
1922.6	0.98087
1922.8	0.98084
1923.0	0.9808
1923.2	0.98077
1923.4	0.98074
1923.6	0.98071
1923.8	0.98069
1924.0	0.98066
1924.2	0.98065
1924.4	0.98063
1924.6	0.98062
1924.8	0.98061
1925.0	0.98061
1925.2	0.98061
1925.4	0.98061
1925.6	0.98062
1925.8	0.98063
1926.0	0.98064
1926.2	0.98066
1926.4	0.98068
1926.6	0.9807
1926.8	0.98073
1927.0	0.98076
1927.2	0.98079
1927.4	0.98083
1927.6	0.98086
1927.8	0.98091
1928.0	0.98095
1928.2	0.981
1928.4	0.98105
1928.6	0.98111
1928.8	0.98116
1929.0	0.98122
1929.2	0.98128
1929.4	0.98135
1929.6	0.98141
1929.8	0.98148
1930.0	0.98155
1930.2	0.98162
1930.4	0.98169
1930.6	0.98177
1930.8	0.98184
1931.0	0.98192
1931.2	0.982
1931.4	0.98208
1931.6	0.98215
1931.8	0.98223
1932.0	0.98231
1932.2	0.98239
1932.4	0.98248
1932.6	0.98256
1932.8	0.98264
1933.0	0.98272
1933.2	0.98279
1933.4	0.98287
1933.6	0.98295
1933.8	0.98303
1934.0	0.9831
1934.2	0.98318
1934.4	0.98325
1934.6	0.98332
1934.8	0.98339
1935.0	0.98346
1935.2	0.98352
1935.4	0.98358
1935.6	0.98364
1935.8	0.9837
1936.0	0.98376
1936.2	0.98381
1936.4	0.98386
1936.6	0.98391
1936.8	0.98395
1937.0	0.984
1937.2	0.98404
1937.4	0.98407
1937.6	0.9841
1937.8	0.98413
1938.0	0.98416
1938.2	0.98418
1938.4	0.9842
1938.6	0.98422
1938.8	0.98423
1939.0	0.98424
1939.2	0.98425
1939.4	0.98425
1939.6	0.98425
1939.8	0.98424
1940.0	0.98424
1940.2	0.98422
1940.4	0.98421
1940.6	0.98419
1940.8	0.98417
1941.0	0.98415
1941.2	0.98412
1941.4	0.98409
1941.6	0.98406
1941.8	0.98403
1942.0	0.98399
1942.2	0.98395
1942.4	0.98391
1942.6	0.98386
1942.8	0.98381
1943.0	0.98376
1943.2	0.98371
1943.4	0.98366
1943.6	0.9836
1943.8	0.98355
1944.0	0.98349
1944.2	0.98343
1944.4	0.98337
1944.6	0.98331
1944.8	0.98324
1945.0	0.98318
1945.2	0.98312
1945.4	0.98305
1945.6	0.98299
1945.8	0.98292
1946.0	0.98286
1946.2	0.98279
1946.4	0.98273
1946.6	0.98267
1946.8	0.9826
1947.0	0.98254
1947.2	0.98248
1947.4	0.98242
1947.6	0.98236
1947.8	0.9823
1948.0	0.98225
1948.2	0.98219
1948.4	0.98214
1948.6	0.98209
1948.8	0.98204
1949.0	0.98199
1949.2	0.98195
1949.4	0.98191
1949.6	0.98187
1949.8	0.98183
1950.0	0.9818
1950.2	0.98177
1950.4	0.98174
1950.6	0.98171
1950.8	0.98169
1951.0	0.98167
1951.2	0.98165
1951.4	0.98164
1951.6	0.98163
1951.8	0.98162
1952.0	0.98162
1952.2	0.98162
1952.4	0.98162
1952.6	0.98162
1952.8	0.98163
1953.0	0.98165
1953.2	0.98166
1953.4	0.98168
1953.6	0.9817
1953.8	0.98173
1954.0	0.98176
1954.2	0.98179
1954.4	0.98182
1954.6	0.98186
1954.8	0.9819
1955.0	0.98195
1955.2	0.98199
1955.4	0.98204
1955.6	0.9821
1955.8	0.98215
1956.0	0.98221
1956.2	0.98227
1956.4	0.98233
1956.6	0.98239
1956.8	0.98246
1957.0	0.98252
1957.2	0.98259
1957.4	0.98267
1957.6	0.98274
1957.8	0.98281
1958.0	0.98289
1958.2	0.98296
1958.4	0.98304
1958.6	0.98312
1958.8	0.9832
1959.0	0.98328
1959.2	0.98336
1959.4	0.98344
1959.6	0.98352
1959.8	0.98359
1960.0	0.98367
1960.2	0.98375
1960.4	0.98383
1960.6	0.98391
1960.8	0.98399
1961.0	0.98406
1961.2	0.98414
1961.4	0.98421
1961.6	0.98428
1961.8	0.98436
1962.0	0.98442
1962.2	0.98449
1962.4	0.98456
1962.6	0.98462
1962.8	0.98468
1963.0	0.98474
1963.2	0.9848
1963.4	0.98485
1963.6	0.9849
1963.8	0.98495
1964.0	0.985
1964.2	0.98504
1964.4	0.98508
1964.6	0.98512
1964.8	0.98516
1965.0	0.98519
1965.2	0.98522
1965.4	0.98524
1965.6	0.98526
1965.8	0.98528
1966.0	0.9853
1966.2	0.98531
1966.4	0.98532
1966.6	0.98533
1966.8	0.98533
1967.0	0.98533
1967.2	0.98532
1967.4	0.98532
1967.6	0.98531
1967.8	0.98529
1968.0	0.98528
1968.2	0.98526
1968.4	0.98523
1968.6	0.98521
1968.8	0.98518
1969.0	0.98515
1969.2	0.98511
1969.4	0.98508
1969.6	0.98504
1969.8	0.98499
1970.0	0.98495
1970.2	0.9849
1970.4	0.98485
1970.6	0.9848
1970.8	0.98475
1971.0	0.9847
1971.2	0.98464
1971.4	0.98458
1971.6	0.98452
1971.8	0.98446
1972.0	0.9844
1972.2	0.98434
1972.4	0.98428
1972.6	0.98421
1972.8	0.98415
1973.0	0.98408
1973.2	0.98402
1973.4	0.98395
1973.6	0.98389
1973.8	0.98382
1974.0	0.98376
1974.2	0.98369
1974.4	0.98363
1974.6	0.98357
1974.8	0.9835
1975.0	0.98344
1975.2	0.98338
1975.4	0.98332
1975.6	0.98327
1975.8	0.98321
1976.0	0.98316
1976.2	0.98311
1976.4	0.98306
1976.6	0.98301
1976.8	0.98296
1977.0	0.98292
1977.2	0.98288
1977.4	0.98284
1977.6	0.9828
1977.8	0.98277
1978.0	0.98274
1978.2	0.98271
1978.4	0.98268
1978.6	0.98266
1978.8	0.98264
1979.0	0.98262
1979.2	0.98261
1979.4	0.9826
1979.6	0.98259
1979.8	0.98259
1980.0	0.98259
1980.2	0.98259
1980.4	0.9826
1980.6	0.98261
1980.8	0.98262
1981.0	0.98264
1981.2	0.98266
1981.4	0.98268
1981.6	0.9827
1981.8	0.98273
1982.0	0.98276
1982.2	0.9828
1982.4	0.98284
1982.6	0.98288
1982.8	0.98292
1983.0	0.98297
1983.2	0.98302
1983.4	0.98307
1983.6	0.98313
1983.8	0.98318
1984.0	0.98324
1984.2	0.98331
1984.4	0.98337
1984.6	0.98344
1984.8	0.98351
1985.0	0.98358
1985.2	0.98365
1985.4	0.98372
1985.6	0.9838
1985.8	0.98387
1986.0	0.98395
1986.2	0.98403
1986.4	0.98411
1986.6	0.98419
1986.8	0.98428
1987.0	0.98436
1987.2	0.98444
1987.4	0.98453
1987.6	0.98461
1987.8	0.98469
1988.0	0.98478
1988.2	0.98486
1988.4	0.98494
1988.6	0.98502
1988.8	0.9851
1989.0	0.98519
1989.2	0.98527
1989.4	0.98534
1989.6	0.98542
1989.8	0.9855
1990.0	0.98557
1990.2	0.98564
1990.4	0.98572
1990.6	0.98578
1990.8	0.98585
1991.0	0.98592
1991.2	0.98598
1991.4	0.98604
1991.6	0.9861
1991.8	0.98615
1992.0	0.98621
1992.2	0.98626
1992.4	0.9863
1992.6	0.98635
1992.8	0.98639
1993.0	0.98643
1993.2	0.98647
1993.4	0.9865
1993.6	0.98653
1993.8	0.98655
1994.0	0.98658
1994.2	0.9866
1994.4	0.98661
1994.6	0.98663
1994.8	0.98664
1995.0	0.98664
1995.2	0.98665
1995.4	0.98665
1995.6	0.98664
1995.8	0.98664
1996.0	0.98663
1996.2	0.98661
1996.4	0.9866
1996.6	0.98658
1996.8	0.98656
1997.0	0.98653
1997.2	0.9865
1997.4	0.98647
1997.6	0.98644
1997.8	0.9864
1998.0	0.98636
1998.2	0.98632
1998.4	0.98628
1998.6	0.98623
1998.8	0.98618
1999.0	0.98613
1999.2	0.98608
1999.4	0.98602
1999.6	0.98596
1999.8	0.9859
2000.0	0.98584
