1.28205 0.000803709
1.28238 0.00220633
1.28271 0.000900507
1.28304 0.00189877
1.28337 0.0038774
1.2837 0.00124621
1.28403 0.00277424
1.28436 0.00124502
1.28469 0.00182009
1.28502 0.00111175
1.28535 0.00107861
1.28568 0.00155449
1.28601 0.0033288
1.28634 0.00215292
1.28667 0.00216675
1.287 0.00205755
1.28733 0.00145554
1.28766 0.00192237
1.288 0.00219822
1.28833 0.00212383
1.28866 0.000951528
1.28899 0.00205517
1.28932 0.00185299
1.28966 0.00087142
1.28999 0.000966549
1.29032 0.000386953
1.29066 0.00103641
1.29099 0.0014224
1.29132 0.00185633
1.29166 0.00180292
1.29199 0.000713587
1.29232 0.00147295
1.29266 0.00148535
1.29299 0.001127
1.29333 0.0018909
1.29366 0.00214815
1.294 0.00245261
1.29433 0.00165367
1.29467 0.000907659
1.295 0.000306845
1.29534 0.00135422
1.29567 0.00124812
1.29601 0.00145149
1.29634 0.000968933
1.29668 0.000470638
1.29702 0.00196743
1.29735 0.000532866
1.29769 0.00219607
1.29803 0.00154996
1.29836 0.000840902
1.2987 0.00193906
1.29904 0.000279427
1.29938 0.00212383
1.29971 0.000507116
1.30005 0.00125551
1.30039 0.000879049
1.30073 0.000467539
1.30107 0.00069499
1.30141 0.00206947
1.30174 0.00173688
1.30208 0.00177145
1.30242 0.0019908
1.30276 0.00111127
1.3031 0.00137472
1.30344 0.00133276
1.30378 0.000660658
1.30412 0.000862598
1.30446 0.00130773
1.3048 0.00153494
1.30514 0.00119066
1.30548 0.00202131
1.30582 0.000871897
1.30617 0.00123095
1.30651 0.00192237
1.30685 0.00237942
1.30719 0.00143528
1.30753 3.43323e-05
1.30787 0.00232577
1.30822 0.00122476
1.30856 0.000396013
1.3089 0.00131607
1.30924 0.00191832
1.30959 0.000962496
1.30993 0.00162363
1.31027 0.0017364
1.31062 0.000841618
1.31096 0.00141263
1.3113 0.00195169
1.31165 0.00199318
1.31199 0.00309157
1.31234 0.0022881
1.31268 0.00288296
1.31303 0.00236797
1.31337 0.000949383
1.31372 0.00267863
1.31406 0.00164223
1.31441 0.00196028
1.31475 0.00189924
1.3151 0.00231337
1.31544 0.000889778
1.31579 0.00135565
1.31614 0.00169683
1.31648 0.00158668
1.31683 0.00172877
1.31718 0.00190306
1.31752 0.000788927
1.31787 0.00246859
1.31822 0.000909567
1.31857 0.00228405
1.31891 0.000605345
1.31926 0.000732184
1.31961 0.00121045
1.31996 0.000444174
1.32031 0.000443935
1.32066 0.00277877
1.321 0.000689507
1.32135 0.00192475
1.3217 0.000840664
1.32205 0.00128365
1.3224 0.00033164
1.32275 0.00131941
1.3231 0.0012722
1.32345 0.00188565
1.3238 0.00247574
1.32415 0.00244904
1.3245 0.001508
1.32485 0.000538111
1.32521 0.000561237
1.32556 0.00049448
1.32591 0.00315666
1.32626 0.00218296
1.32661 0.00131655
1.32696 0.00122833
1.32732 0.00234008
1.32767 0.00279522
1.32802 0.00228214
1.32837 0.0011251
1.32873 0.000921965
1.32908 0.00101328
1.32943 0.000634193
1.32979 0.00131369
1.33014 0.000897169
1.33049 0.00216818
1.33085 0.00094986
1.3312 0.00151944
1.33156 0.00106025
1.33191 0.000281095
1.33227 0.00174475
1.33262 0.00236845
1.33298 0.000978708
1.33333 0.0011673
1.33369 0.00142193
1.33404 0.00278592
1.3344 0.00145674
1.33476 0.000650406
1.33511 0.000901938
1.33547 0.000975132
1.33583 0.00257111
1.33618 0.00222921
1.33654 0.00281668
1.3369 0.00174594
1.33726 0.00179982
1.33761 0.00139475
1.33797 0.00108981
1.33833 0.00198555
1.33869 0.00110078
1.33905 0.00136661
1.33941 0.000885487
1.33976 0.00060749
1.34012 0.00130749
1.34048 0.00136995
1.34084 0.000846624
1.3412 0.00171089
1.34156 0.000529051
1.34192 0.00198865
1.34228 0.00195074
1.34264 0.000248432
1.343 0.00144505
1.34336 0.00116849
1.34372 0.00305343
1.34409 0.00225735
1.34445 0.000550508
1.34481 0.00143456
1.34517 0.00161409
1.34553 0.00214243
1.3459 0.00212669
1.34626 0.00070262
1.34662 0.00256586
1.34698 0.000654459
1.34735 0.00253296
1.34771 0.00272179
1.34807 0.00356841
1.34844 0.00117922
1.3488 0.00234842
1.34916 0.00123119
1.34953 0.00253129
1.34989 0.00183988
1.35026 0.00184965
1.35062 0.00126481
1.35099 0.000656605
1.35135 0.00148845
1.35172 0.00161147
1.35208 0.0022068
1.35245 0.00207806
1.35281 0.00153398
1.35318 0.00115943
1.35355 0.00178647
1.35391 0.0011425
1.35428 0.00238919
1.35465 0.00176358
1.35501 0.00209546
1.35538 0.0028491
1.35575 0.00174594
1.35612 0.00182796
1.35648 0.000560999
1.35685 0.001858
1.35722 0.00223708
1.35759 0.00139427
1.35796 0.00125146
1.35833 0.0022223
1.3587 0.00166631
1.35906 0.000727177
1.35943 0.000605345
1.3598 0.0011425
1.36017 0.0013299
1.36054 0.000936985
1.36091 0.00176048
1.36129 0.000952244
1.36166 0.00118232
1.36203 0.00196385
1.3624 0.00208187
1.36277 0.00262284
1.36314 0.000979185
1.36351 0.000997066
1.36388 0.00103641
1.36426 0.000942707
1.36463 0.000541687
1.365 0.000935078
1.36537 0.00152445
1.36575 0.00164986
1.36612 0.00112009
1.36649 0.000555992
1.36687 0.00161624
1.36724 0.000900984
1.36761 0.00211811
1.36799 0.00136495
1.36836 0.000419617
1.36874 0.000934839
1.36911 0.00239825
1.36949 0.000640631
1.36986 0.000951767
1.37024 0.000279665
1.37061 0.000977278
1.37099 0.000192642
1.37137 0.00101852
1.37174 0.00271034
1.37212 0.00200701
1.3725 0.00149488
1.37287 0.00104904
1.37325 0.00170255
1.37363 0.000888109
1.374 0.00117803
1.37438 0.00183535
1.37476 0.00105715
1.37514 0.0010829
1.37552 0.000763416
1.37589 0.000575781
1.37627 0.00072813
1.37665 0.00108981
1.37703 0.000331879
1.37741 0.00205159
1.37779 0.000689507
1.37817 0.00128746
1.37855 0.000269413
1.37893 0.00194716
1.37931 0.00113535
1.37969 0.00133967
1.38007 0.000595093
1.38045 0.00241852
1.38083 0.00173235
1.38122 0.00100994
1.3816 0.0019536
1.38198 0.00154543
1.38236 0.000776768
1.38274 0.00141907
1.38313 0.000294208
1.38351 0.00105143
1.38389 0.00200534
1.38427 0.00139475
1.38466 0.000385284
1.38504 0.000768661
1.38543 0.00135136
1.38581 0.00108266
1.38619 0.00128531
1.38658 0.00213623
1.38696 0.000636578
1.38735 0.00155473
1.38773 0.00119281
1.38812 0.000909567
1.3885 0.000886917
1.38889 0.00100183
1.38927 0.000777483
1.38966 0.000535726
1.39005 0.00065732
1.39043 0.000204563
1.39082 0.000854969
1.39121 0.002532
1.39159 0.00162983
1.39198 0.00107765
1.39237 0.00200892
1.39276 0.00104928
1.39315 0.0012958
1.39353 0.000156403
1.39392 0.00136447
1.39431 0.0011425
1.3947 0.00176382
1.39509 0.00173473
1.39548 0.000994444
1.39587 0.00151658
1.39626 0.00124288
1.39665 0.00093174
1.39704 0.000678539
1.39743 0.000920057
1.39782 0.00122571
1.39821 0.00165486
1.3986 0.0010848
1.39899 0.000797033
1.39938 0.00127125
1.39978 0.00248909
1.40017 0.0021987
1.40056 0.00152707
1.40095 0.000288487
1.40135 0.001652
1.40174 0.00096488
1.40213 0.000945807
1.40252 0.00202203
1.40292 0.00043869
1.40331 0.000324488
1.40371 0.00137353
1.4041 0.00216889
1.40449 0.00165176
1.40489 0.00107026
1.40528 0.000901938
1.40568 0.00148273
1.40607 0.00135827
1.40647 0.000649452
1.40687 0.000253916
1.40726 0.0020833
1.40766 0.00222063
1.40805 0.00100946
1.40845 0.00057745
1.40885 0.000943661
1.40924 0.00131846
1.40964 0.000268936
1.41004 0.000247002
1.41044 0.00012207
1.41084 0.00249791
1.41123 0.00163841
1.41163 0.00100732
1.41203 0.000944138
1.41243 0.00108171
1.41283 0.00121379
1.41323 0.000355005
1.41363 0.00078845
1.41403 0.0014441
1.41443 0.000208616
1.41483 0.000328302
1.41523 0.000911236
1.41563 0.00121927
1.41603 0.00078392
1.41643 0.00049758
1.41683 0.00117469
1.41723 0.00168705
1.41764 0.00127149
1.41804 0.00130606
1.41844 0.00107813
1.41884 0.00189638
1.41924 0.00103784
1.41965 0.000864983
1.42005 0.000965595
1.42045 0.00186562
1.42086 0.000822782
1.42126 0.000320673
1.42167 0.00162411
1.42207 0.000567913
1.42248 0.00233221
1.42288 0.000728369
1.42328 0.000458479
1.42369 0.000337839
1.4241 0.000300884
1.4245 0.000873089
1.42491 0.000360966
1.42531 0.000561237
1.42572 0.000845909
1.42613 0.000848055
1.42653 0.000840187
1.42694 0.000107527
1.42735 0.000350714
1.42776 0.00065732
1.42816 0.000669002
1.42857 0.000520945
1.42898 0.000452042
1.42939 0.00231791
1.4298 0.0011065
1.43021 0.000810862
1.43062 0.00111198
1.43102 0.00149918
1.43143 0.000617266
1.43184 0.001899
1.43225 0.0005548
1.43266 0.00110841
1.43308 0.000182867
1.43349 0.000938415
1.4339 0.00127768
1.43431 0.000854492
1.43472 0.00140095
1.43513 0.00121999
1.43554 0.00111079
1.43596 0.000989199
1.43637 0.000784159
1.43678 0.000614882
1.43719 0.00159621
1.43761 0.000779152
1.43802 0.00080204
1.43843 0.00117111
1.43885 0.000822782
1.43926 0.00248885
1.43968 0.00186849
1.44009 0.000690222
1.44051 0.00200915
1.44092 0.00136661
1.44134 0.00139427
1.44175 0.00116706
1.44217 0.000128031
1.44259 0.00113154
1.443 0.00183773
1.44342 0.000370979
1.44383 0.000905752
1.44425 0.000799179
1.44467 0.00053215
1.44509 0.00109053
1.4455 0.000837565
1.44592 0.0016582
1.44634 0.00201893
1.44676 0.000320196
1.44718 0.00102019
1.4476 0.00108504
1.44802 0.000536203
1.44844 0.000784397
1.44886 0.00104141
1.44928 0.00123215
1.4497 0.000269175
1.45012 0.00102067
1.45054 0.00124049
1.45096 0.00107145
1.45138 0.000561476
1.4518 3.60012e-05
1.45222 0.00199962
1.45264 0.000967264
1.45307 0.000745773
1.45349 0.000723839
1.45391 0.000411987
1.45433 0.00111771
1.45476 0.000538588
1.45518 0.000807285
1.4556 0.00136185
1.45603 0.00119686
1.45645 0.000277042
1.45688 0.000994921
1.4573 0.000823021
1.45773 0.000827313
1.45815 0.000375271
1.45858 0.000994921
1.459 0.000887632
1.45943 0.00091505
1.45985 0.00109506
1.46028 0.000686407
1.46071 0.000679731
1.46113 0.000371218
1.46156 0.000868797
1.46199 0.00131059
1.46242 0.000348806
1.46284 0.000383854
1.46327 0.00054121
1.4637 0.000863552
1.46413 0.000827313
1.46456 0.00136375
1.46499 0.000366926
1.46542 0.000554562
1.46585 0.000687122
1.46628 0.00081563
1.46671 0.000932455
1.46714 0.000683546
1.46757 0.00124001
1.468 0.00041008
1.46843 0.00071764
1.46886 0.00113559
1.46929 0.000370741
1.46972 0.000736237
1.47016 0.00100923
1.47059 0.000519753
1.47102 0.00120234
1.47145 0.000624895
1.47189 0.00066328
1.47232 0.00113869
1.47275 0.000555277
1.47319 0.00118828
1.47362 0.000856876
1.47406 0.000127316
1.47449 0.000456572
1.47493 0.000108004
1.47536 0.000652313
1.4758 0.000900745
1.47623 0.00128794
1.47667 0.00101256
1.4771 0.00123715
1.47754 0.000393152
1.47798 0.000381947
1.47842 0.00117016
1.47885 0.00111866
1.47929 0.00107217
1.47973 0.000615358
1.48017 0.0016768
1.4806 0.000951767
1.48104 0.00143504
1.48148 0.00102735
1.48192 0.00178981
1.48236 0.00136757
1.4828 0.00124383
1.48324 0.00137472
1.48368 0.000497341
1.48412 0.00140691
1.48456 0.000989914
1.485 0.000635624
1.48544 0.00102949
1.48588 0.000502348
1.48633 0.000764608
1.48677 0.000248671
1.48721 0.000932932
1.48765 0.000633717
1.4881 0.000552893
1.48854 0.00114751
1.48898 0.000179052
1.48943 0.000295162
1.48987 0.000995636
1.49031 0.00037837
1.49076 0.00115681
1.4912 0.00136661
1.49165 0.00125217
1.49209 0.000735521
1.49254 0.00093317
1.49298 0.000626802
1.49343 0.00116038
1.49388 0.00126934
1.49432 0.00191879
1.49477 0.000720739
1.49522 0.00111318
1.49566 0.00048542
1.49611 0.000503302
1.49656 0.000507116
1.49701 0.000732422
1.49745 0.000448465
1.4979 0.000560522
1.49835 0.000481844
1.4988 0.00144815
1.49925 0.000937939
1.4997 0.000760555
1.50015 0.00131249
1.5006 0.00134039
1.50105 0.000697613
1.5015 0.000511408
1.50195 0.000613928
1.5024 0.000643253
1.50286 8.96454e-05
1.50331 0.000649691
1.50376 0.000661373
1.50421 0.000477791
1.50466 0.000856161
1.50512 0.00134277
1.50557 0.00144172
1.50602 0.000580549
1.50648 0.000258207
1.50693 0.000888348
1.50739 0.000822306
1.50784 0.000556469
1.5083 0.000762463
1.50875 0.000554085
1.50921 0.00109601
1.50966 0.00174046
1.51012 0.000786781
1.51057 0.000392914
1.51103 0.000755072
1.51149 0.000349998
1.51194 9.98974e-05
1.5124 0.00102663
1.51286 0.000705957
1.51332 0.000622272
1.51378 0.00123835
1.51423 0.000430345
1.51469 0.000958443
1.51515 0.00101852
1.51561 0.000325441
1.51607 0.000563621
1.51653 0.000476599
1.51699 0.000401974
1.51745 0.000401497
1.51791 0.000777245
1.51837 0.000637054
1.51883 8.55923e-05
1.5193 0.000509977
1.51976 0.00148773
1.52022 0.00114298
1.52068 0.000393867
1.52114 0.000320435
1.52161 0.000959873
1.52207 0.00121856
1.52253 0.000743151
1.523 0.00133133
1.52346 0.000807524
1.52393 0.000451088
1.52439 0.00111771
1.52486 0.000553846
1.52532 0.00112152
1.52579 0.00103331
1.52625 0.00103283
1.52672 0.000891685
1.52718 0.000491619
1.52765 0.000645638
1.52812 0.00074935
1.52858 0.00048089
1.52905 0.00109339
1.52952 0.000618935
1.52999 0.000650883
1.53046 0.00060606
1.53092 0.00061655
1.53139 0.000438213
1.53186 0.000600338
1.53233 0.000887632
1.5328 0.000374079
1.53327 0.000251532
1.53374 0.000833035
1.53421 0.000631809
1.53468 0.000293732
1.53516 0.000536203
1.53563 0.000715494
1.5361 0.000617504
1.53657 0.000316143
1.53704 0.000108957
1.53752 0.000159502
1.53799 0.000288248
1.53846 0.000493288
1.53894 0.00020957
1.53941 0.000846148
1.53988 0.00064373
1.54036 0.000425339
1.54083 0.00103974
1.54131 0.000950336
1.54178 0.000177383
1.54226 0.000570536
1.54273 0.00109458
1.54321 0.000742436
1.54369 0.00122189
1.54416 0.000614166
1.54464 0.000445127
1.54512 0.00034523
1.5456 0.000655174
1.54607 0.000804186
1.54655 0.00103951
1.54703 0.00063014
1.54751 6.07967e-05
1.54799 0.000346661
1.54847 0.000174761
1.54895 0.000714779
1.54943 0.00143242
1.54991 0.000820398
1.55039 0.00118709
1.55087 0.000447512
1.55135 0.000941753
1.55183 0.000185251
1.55231 0.000321388
1.5528 0.000616312
1.55328 0.000539303
1.55376 0.000651836
1.55424 0.00146246
1.55473 0.000775576
1.55521 0.0010035
1.55569 0.000262737
1.55618 0.000653267
1.55666 0.00119615
1.55715 0.0013237
1.55763 0.000613689
1.55812 0.000467777
1.5586 0.000650406
1.55909 0.00124478
1.55958 0.000489473
1.56006 0.000141621
1.56055 0.000712156
1.56104 0.000682116
1.56152 0.000725985
1.56201 0.000535726
1.5625 0.000345707
1.56299 0.000457048
1.56348 0.00055623
1.56397 0.000155687
1.56446 0.000537157
1.56495 0.000455618
1.56544 0.000144243
1.56593 0.000721455
1.56642 0.000939369
1.56691 0.00108409
1.5674 0.000594616
1.56789 0.000849485
1.56838 0.00019908
1.56887 0.000309467
1.56937 0.000795841
1.56986 0.00101972
1.57035 0.000820398
1.57085 0.000874996
1.57134 0.000845432
1.57183 0.000466585
1.57233 0.000440359
1.57282 0.00095439
1.57332 0.000443459
1.57381 0.000315428
1.57431 0.000370264
1.5748 0.000183105
1.5753 0.000802517
1.5758 0.000881672
1.57629 0.000775576
1.57679 0.000618458
1.57729 0.000496864
1.57778 0.000755787
1.57828 0.000485659
1.57878 0.000561476
1.57928 0.00169635
1.57978 0.00187755
1.58028 0.000973702
1.58078 0.00090003
1.58128 0.00201941
1.58178 0.000910997
1.58228 0.00169349
1.58278 0.00184417
1.58328 0.0023222
1.58378 0.00211954
1.58428 0.00206542
1.58479 0.00186539
1.58529 0.00239062
1.58579 0.0025866
1.58629 0.00306058
1.5868 0.00287127
1.5873 0.00297618
1.58781 0.00363731
1.58831 0.00258708
1.58881 0.00161624
1.58932 0.0023458
1.58983 0.00210619
1.59033 0.00310802
1.59084 0.00240326
1.59134 0.00206661
1.59185 0.00441194
1.59236 0.0018878
1.59286 0.00278997
1.59337 0.003649
1.59388 0.00315046
1.59439 0.00337911
1.5949 0.0033679
1.59541 0.00350308
1.59591 0.00313258
1.59642 0.00339699
1.59693 0.00334573
1.59744 0.00342035
1.59795 0.00251555
1.59847 0.00268888
1.59898 0.0038836
1.59949 0.00331473
1.6 0.00286794
1.60051 0.00396299
1.60102 0.00336623
1.60154 0.00352049
1.60205 0.00338388
1.60256 0.00330281
1.60308 0.00314093
1.60359 0.00323582
1.60411 0.00363231
1.60462 0.00413942
1.60514 0.00434661
1.60565 0.00566125
1.60617 0.004601
1.60668 0.00500607
1.6072 0.00777435
1.60772 0.00608301
1.60823 0.00649428
1.60875 0.00654697
1.60927 0.00823522
1.60979 0.00888967
1.61031 0.00913739
1.61082 0.0100765
1.61134 0.0104587
1.61186 0.0114293
1.61238 0.0118477
1.6129 0.013767
1.61342 0.0152569
1.61394 0.0165644
1.61447 0.0182831
1.61499 0.020505
1.61551 0.0225656
1.61603 0.0245748
1.61655 0.0274239
1.61708 0.0307147
1.6176 0.0341961
1.61812 0.0377326
1.61865 0.0415094
1.61917 0.0466814
1.6197 0.0526535
1.62022 0.0593278
1.62075 0.0669437
1.62127 0.0767891
1.6218 0.0870714
1.62232 0.0993423
1.62285 0.112854
1.62338 0.128382
1.6239 0.145623
1.62443 0.165686
1.62496 0.188804
1.62549 0.215832
1.62602 0.245427
1.62655 0.276403
1.62707 0.311233
1.6276 0.348663
1.62813 0.388555
1.62866 0.43051
1.6292 0.471716
1.62973 0.514111
1.63026 0.555649
1.63079 0.595352
1.63132 0.631923
1.63185 0.666048
1.63239 0.693879
1.63292 0.720498
1.63345 0.739895
1.63399 0.756303
1.63452 0.766507
1.63506 0.775107
1.63559 0.777009
1.63613 0.778588
1.63666 0.776547
1.6372 0.775008
1.63773 0.768416
1.63827 0.763151
1.63881 0.75643
1.63934 0.748908
1.63988 0.737817
1.64042 0.72614
1.64096 0.710756
1.6415 0.693976
1.64204 0.675365
1.64258 0.65382
1.64312 0.628192
1.64366 0.599309
1.6442 0.569542
1.64474 0.534625
1.64528 0.500136
1.64582 0.463615
1.64636 0.426226
1.6469 0.389934
1.64745 0.353924
1.64799 0.316848
1.64853 0.285331
1.64908 0.253066
1.64962 0.22527
1.65017 0.199523
1.65071 0.176472
1.65125 0.156233
1.6518 0.138292
1.65235 0.121727
1.65289 0.107039
1.65344 0.0954189
1.65399 0.0846832
1.65453 0.075083
1.65508 0.0668049
1.65563 0.060168
1.65618 0.0543106
1.65673 0.047955
1.65728 0.0428159
1.65782 0.0391994
1.65837 0.0344222
1.65893 0.0310769
1.65948 0.0290682
1.66003 0.025871
1.66058 0.0231729
1.66113 0.0209882
1.66168 0.0206094
1.66223 0.0182452
1.66279 0.0168529
1.66334 0.0162768
1.66389 0.0136945
1.66445 0.0120435
1.665 0.0116754
1.66556 0.0113244
1.66611 0.00990415
1.66667 0.00800395
1.66722 0.00835967
1.66778 0.00757503
1.66834 0.00650263
1.66889 0.00689769
1.66945 0.00682735
1.67001 0.00526833
1.67056 0.00583482
1.67112 0.0045774
1.67168 0.005126
1.67224 0.00556731
1.6728 0.00344324
1.67336 0.0036025
1.67392 0.00359893
1.67448 0.00296235
1.67504 0.00368142
1.6756 0.00254273
1.67616 0.0020535
1.67673 0.00259781
1.67729 0.000805616
1.67785 0.000621557
1.67842 0.0012145
1.67898 0.000839233
1.67954 0.00100613
1.68011 0.000631332
1.68067 0.000808477
1.68124 0.00169182
1.6818 0.00127435
1.68237 0.00188303
1.68294 0.00094533
1.6835 0.00177622
1.68407 0.0015223
1.68464 0.00152445
1.6852 0.00208449
1.68577 0.00162578
1.68634 0.00212598
1.68691 0.00248003
1.68748 0.00209785
1.68805 0.00351453
1.68862 0.00196242
1.68919 0.000926971
1.68976 0.00312447
1.69033 0.00203943
1.6909 0.00234747
1.69147 0.00215054
1.69205 0.00120664
1.69262 0.00157523
1.69319 0.00162148
1.69377 0.00142741
1.69434 0.000822544
1.69492 0.00210691
1.69549 0.00117493
1.69607 0.00210547
1.69664 0.00114226
1.69722 0.00165915
1.69779 0.00040412
1.69837 0.00204611
1.69895 0.00139666
1.69952 0.000483036
1.7001 0.000720978
1.70068 0.0012188
1.70126 0.00229096
1.70184 0.00128794
1.70242 0.000366926
1.703 0.000543118
1.70358 0.000142336
1.70416 0.00122595
1.70474 0.000907183
1.70532 0.000731468
1.7059 0.00117207
1.70648 0.000475884
1.70707 0.000439882
1.70765 0.000677109
1.70823 0.00108504
1.70882 0.000491619
1.7094 0.000583172
1.70999 4.88758e-05
1.71057 0.000769615
1.71116 0.000991583
1.71174 0.000974178
1.71233 0.00164104
1.71292 0.00148916
1.7135 0.000685215
1.71409 0.000814438
1.71468 0.000624418
1.71527 0.00115347
1.71585 0.000771523
1.71644 0.00131464
1.71703 0.00152469
1.71762 0.00133586
1.71821 0.00132251
1.7188 0.000925302
1.71939 0.000784397
1.71999 0.000348568
1.72058 0.000496864
1.72117 0.00106454
1.72176 0.00106478
1.72236 0.000621557
1.72295 0.000441313
1.72354 0.00102615
1.72414 0.00074935
1.72473 0.00241709
1.72533 0.000874996
1.72592 0.000753641
1.72652 0.00155973
1.72712 0.000787497
1.72771 0.000235796
1.72831 0.00148296
1.72891 0.000916243
1.72951 0.000369787
1.7301 0.00126171
1.7307 0.00100636
1.7313 0.000617266
1.7319 0.00128579
1.7325 0.000772715
1.7331 0.000441313
1.7337 0.000932694
1.7343 0.00152946
1.73491 0.000972509
1.73551 0.00130558
1.73611 0.00133419
1.73671 0.00109196
1.73732 0.000881672
1.73792 0.000835895
1.73853 0.00127578
1.73913 0.000878811
1.73974 0.00102472
1.74034 0.00140953
1.74095 0.000921249
1.74155 0.000432491
1.74216 0.00132489
1.74277 0.000617027
1.74338 0.000859022
1.74398 0.000677347
1.74459 0.000694513
1.7452 0.00201607
1.74581 0.00103283
1.74642 0.000328064
1.74703 0.000390053
1.74764 0.00117946
1.74825 0.00106859
1.74886 0.00229502
1.74948 0.00176668
1.75009 0.00108361
1.7507 0.000908613
1.75131 0.000931025
1.75193 0.00146103
1.75254 0.00118899
1.75316 0.00160003
1.75377 0.00144887
1.75439 0.000534296
1.755 0.00218773
1.75562 0.00201988
1.75623 0.00171208
1.75685 0.00183797
1.75747 0.00151348
1.75809 0.00145554
1.75871 0.00167012
1.75932 0.00113082
1.75994 0.00116754
1.76056 0.000923395
1.76118 0.000892639
1.7618 0.00189137
1.76243 0.000694275
1.76305 0.00101066
1.76367 0.00126076
1.76429 0.00132203
1.76491 0.00132346
1.76554 0.00208163
1.76616 0.00142527
1.76678 0.00044179
1.76741 0.000900984
1.76803 0.000769377
1.76866 0.000892878
1.76929 0.000817776
1.76991 0.00138593
1.77054 0.00191522
1.77117 0.00146532
1.77179 0.000539064
1.77242 0.00153089
1.77305 0.00125194
1.77368 0.000696421
1.77431 0.00035739
1.77494 0.000345945
1.77557 0.00222993
1.7762 0.00163484
1.77683 0.000612974
1.77746 0.00161314
1.77809 0.000998735
1.77873 0.00107575
1.77936 0.00194359
1.77999 0.00175214
1.78063 0.0012064
1.78126 0.00019002
1.7819 0.00114036
1.78253 0.00197458
1.78317 0.000755787
1.7838 0.000790119
1.78444 0.00166059
1.78508 0.00239205
1.78571 0.00197601
1.78635 0.00306106
1.78699 0.00272107
1.78763 0.00206351
1.78827 0.00223184
1.78891 0.00317001
1.78955 0.00137782
1.79019 0.0016799
1.79083 0.00216675
1.79147 0.00108981
1.79211 0.00231266
1.79276 0.0014708
1.7934 0.00308895
1.79404 0.00151372
1.79469 0.00331378
1.79533 0.00144196
1.79598 0.00217032
1.79662 0.00145745
1.79727 0.0012846
1.79791 0.00224423
1.79856 0.00263548
1.79921 0.00140643
1.79986 0.00301051
1.8005 0.0038507
1.80115 0.00161052
1.8018 0.00258994
1.80245 0.00248528
1.8031 0.0024097
1.80375 0.00141788
1.8044 0.00136423
1.80505 0.00151849
1.80571 0.00367069
1.80636 0.00319409
1.80701 0.000781775
1.80766 0.00292087
1.80832 0.0028584
1.80897 0.00156355
1.80963 0.000844002
1.81028 0.000941038
1.81094 0.00237393
1.81159 0.000873327
1.81225 0.000810146
1.81291 0.00264668
1.81357 0.0036037
1.81422 0.00235343
1.81488 0.00264049
1.81554 0.00162387
1.8162 0.00174284
1.81686 0.00223303
1.81752 0.00242424
1.81818 0.00117803
1.81884 0.00135422
1.81951 0.00313568
1.82017 0.00424171
1.82083 0.00257754
1.82149 0.00236511
1.82216 0.0014987
1.82282 0.00266314
1.82349 0.00143361
1.82415 0.00114727
1.82482 0.000919342
1.82548 0.00123739
1.82615 0.000970841
1.82682 0.00110436
1.82749 0.00125623
1.82815 0.00245213
1.82882 0.000822782
1.82949 0.000979185
1.83016 0.00178575
1.83083 0.0018189
1.8315 0.00257921
1.83217 0.00211644
1.83284 0.00241327
1.83352 0.00137615
1.83419 0.00108385
1.83486 0.00124884
1.83554 0.00196099
1.83621 0.0022707
1.83688 0.00137711
1.83756 0.00108266
1.83824 0.00219321
1.83891 0.0018239
1.83959 0.00274706
1.84026 0.00221419
1.84094 0.000959396
1.84162 0.00190067
1.8423 0.00134921
1.84298 0.0013113
1.84366 0.00177383
1.84434 0.00290561
1.84502 0.00271368
1.8457 0.000941038
1.84638 0.00193071
1.84706 0.00188231
1.84775 0.0029254
1.84843 0.00140286
1.84911 0.000723124
1.8498 0.00227642
1.85048 0.00110173
1.85117 0.00135517
1.85185 0.000609875
1.85254 0.00150824
1.85322 0.00199723
1.85391 0.00409126
1.8546 0.00111961
1.85529 0.00169659
1.85598 0.0015552
1.85667 0.00165486
1.85736 0.0017972
1.85805 0.000793457
1.85874 0.00139761
1.85943 0.00118256
1.86012 0.000391483
1.86081 0.000805378
1.8615 0.00213695
1.8622 0.00165033
1.86289 0.000444651
1.86359 0.00268674
1.86428 0.00158548
1.86498 0.000828981
1.86567 0.000715494
1.86637 0.00105977
1.86706 0.00110984
1.86776 0.000293016
1.86846 0.000895977
1.86916 0.00119829
1.86986 0.00181055
1.87056 0.00191593
1.87126 0.00234747
1.87196 0.000976801
1.87266 0.000139713
1.87336 0.000943899
1.87406 0.00132036
1.87477 0.000284195
1.87547 0.00136733
1.87617 0.00173879
1.87688 0.000364304
1.87758 0.000808239
1.87829 0.0026567
1.87899 0.0012579
1.8797 0.000657558
1.88041 0.000969171
1.88111 0.000950336
1.88182 0.00198579
1.88253 0.00192046
1.88324 0.000530958
1.88395 0.000544071
1.88466 0.000471592
1.88537 0.000448227
1.88608 0.00189829
1.88679 0.000368118
1.8875 0.000955582
1.88822 0.00143862
1.88893 0.000801802
1.88964 0.00100493
1.89036 0.00112343
1.89107 0.00203586
1.89179 0.00161505
1.89251 0.00098443
1.89322 0.00123048
1.89394 0.00164104
1.89466 0.0022099
1.89538 0.00186253
1.89609 0.00170541
1.89681 0.000696182
1.89753 5.43594e-05
1.89825 0.000272512
1.89897 0.00177693
1.8997 0.00110888
1.90042 0.00133538
1.90114 0.00147843
1.90186 0.00213385
1.90259 0.000404835
1.90331 0.00105071
1.90404 0.00227928
1.90476 0.00252247
1.90549 0.00176859
1.90621 0.00067544
1.90694 0.00130558
1.90767 0.00111103
1.9084 0.00131035
1.90913 0.00209546
1.90985 0.00193191
1.91058 0.00090456
1.91131 0.000724554
1.91205 0.00131941
1.91278 0.00184274
1.91351 0.0023272
1.91424 0.00215959
1.91498 0.00168514
1.91571 0.00141954
1.91644 0.00232625
1.91718 0.00216389
1.91791 0.00153828
1.91865 0.00335717
1.91939 0.00264978
1.92012 0.00262237
1.92086 0.00174785
1.9216 0.00123405
1.92234 0.00198841
1.92308 0.00176716
1.92382 0.00232363
1.92456 0.00174499
1.9253 0.00159621
1.92604 0.00204206
1.92678 0.00213504
1.92753 0.00144839
1.92827 0.00118184
1.92901 0.00253511
1.92976 0.00179863
1.9305 0.00174284
1.93125 0.00205636
1.93199 0.00155902
1.93274 0.00202584
1.93349 0.0023632
1.93424 0.00139546
1.93498 0.00197554
1.93573 0.00220227
1.93648 0.00149178
1.93723 0.00179625
1.93798 0.00188899
1.93874 0.00166798
1.93949 0.00150728
1.94024 0.00244427
1.94099 0.00216651
1.94175 0.00166535
1.9425 0.00229573
1.94326 0.00106406
1.94401 0.00224638
1.94477 0.00183845
1.94553 0.00106478
1.94628 0.00186539
1.94704 0.0015099
1.9478 0.00179625
1.94856 0.00278997
1.94932 0.00168371
1.95008 0.00210023
1.95084 0.00234675
1.9516 0.00157499
1.95236 0.00128984
1.95312 0.00136066
1.95389 0.00117373
1.95465 0.00124955
1.95542 0.00168467
1.95618 0.00155091
1.95695 0.00153494
1.95771 0.00132322
1.95848 0.00102949
1.95925 0.00178122
1.96002 0.0017767
1.96078 0.00126004
1.96155 0.00165272
1.96232 0.00137377
1.96309 0.00149274
1.96386 0.000626326
1.96464 0.00128221
1.96541 0.000801563
1.96618 0.000689268
1.96696 0.00147343
1.96773 0.000512361
1.9685 0.00118733
1.96928 0.000980854
1.97006 0.00108433
1.97083 0.00100851
1.97161 0.00123072
1.97239 0.00121188
1.97316 0.00120974
1.97394 0.00135493
1.97472 0.00121188
1.9755 0.000914097
1.97628 0.00115776
1.97707 0.00137401
1.97785 0.000821352
1.97863 0.00121021
1.97941 0.00122547
1.9802 0.0010438
1.98098 0.00086236
1.98177 0.000564814
1.98255 0.00131297
1.98334 0.000776768
1.98413 0.0010674
1.98491 0.000952244
1.9857 0.000995398
1.98649 0.000897646
1.98728 0.00136375
1.98807 0.00134492
1.98886 0.000254631
1.98965 0.000873089
1.99045 0.000990868
1.99124 0.00108027
1.99203 0.000966549
1.99283 0.00153828
1.99362 0.00158286
1.99442 0.000880003
1.99521 0.000896215
1.99601 0.00110173
1.99681 0.000965118
1.9976 0.00122476
1.9984 0.000943422
1.9992 0.000770569
2 0.00084734
2.0008 0.00119042
2.0016 0.00105643
2.0024 0.00111031
2.00321 0.000237942
2.00401 0.0012002
2.00481 0.00089097
2.00562 0.000886679
2.00642 0.000926495
2.00723 0.00105476
2.00803 0.000907421
2.00884 0.00103378
2.00965 0.00122237
2.01045 0.00113034
2.01126 0.00102878
2.01207 0.00127268
2.01288 0.00156665
2.01369 0.00139737
2.0145 0.000863075
2.01532 0.00152803
2.01613 0.00161338
2.01694 0.00156307
2.01776 0.00181174
2.01857 0.00132775
2.01939 0.00169134
2.0202 0.00170708
2.02102 0.00167966
2.02184 0.00181532
2.02265 0.00140071
2.02347 0.00182557
2.02429 0.00215197
2.02511 0.00139928
2.02593 0.00159955
2.02675 0.00213695
2.02758 0.00165749
2.0284 0.00238466
2.02922 0.00231552
2.03004 0.00225735
2.03087 0.00237536
2.03169 0.00207686
2.03252 0.00282073
2.03335 0.00265694
2.03417 0.00242162
2.035 0.00215054
2.03583 0.00266695
2.03666 0.00288844
2.03749 0.00259519
2.03832 0.00311852
2.03915 0.00292873
2.03998 0.002666
2.04082 0.00286603
2.04165 0.00293851
2.04248 0.00332403
2.04332 0.00284362
2.04415 0.00321603
2.04499 0.00290465
2.04583 0.00294685
2.04666 0.00314117
2.0475 0.00289106
2.04834 0.00266266
2.04918 0.00301909
2.05002 0.003093
2.05086 0.0029912
2.0517 0.00260425
2.05255 0.00266552
2.05339 0.00242448
2.05423 0.00275707
2.05508 0.00287294
2.05592 0.00230503
2.05677 0.00190687
2.05761 0.00236559
2.05846 0.00205469
2.05931 0.00206184
2.06016 0.00225139
2.06101 0.00206423
2.06186 0.00162864
2.06271 0.00172019
2.06356 0.00166202
2.06441 0.00161695
2.06526 0.00166964
2.06612 0.00167251
2.06697 0.00121713
2.06782 0.00116467
2.06868 0.00111008
2.06954 0.00113177
2.07039 0.00151634
2.07125 0.00127006
2.07211 0.00153208
2.07297 0.000969648
2.07383 0.00118136
2.07469 0.0011518
2.07555 0.000987291
2.07641 0.0014925
2.07727 0.000997543
2.07814 0.00114775
2.079 0.0011189
2.07987 0.000939608
2.08073 0.000960112
2.0816 0.000895262
2.08247 0.00086093
2.08333 0.000815392
2.0842 0.000601053
2.08507 0.00094533
2.08594 0.00079298
2.08681 0.000579834
2.08768 0.00092411
2.08855 0.000990868
2.08943 0.000872612
2.0903 0.000630617
2.09118 0.000857592
2.09205 0.00084734
2.09293 0.000785828
2.0938 0.000782728
2.09468 0.000741959
2.09556 0.000787258
2.09644 0.000756264
2.09732 0.000519276
2.0982 0.000793219
2.09908 0.000608683
2.09996 0.000794887
2.10084 0.000741482
2.10172 0.000290632
2.10261 0.000425339
2.10349 0.000378847
2.10438 0.000541925
2.10526 0.000618219
2.10615 0.000474691
2.10704 0.000160456
2.10793 0.000602961
2.10881 0.000414371
2.1097 0.000255585
2.1106 0.000379324
2.11149 0.00013113
2.11238 0.000240564
2.11327 0.000339747
2.11416 0.00031209
2.11506 0.000377893
2.11595 0.000286818
2.11685 0.00020504
2.11775 0.000296116
2.11864 0.00020957
2.11954 0.000331879
2.12044 0.000154734
2.12134 0.000213385
2.12224 0.000361443
2.12314 0.000311851
2.12404 0.000338793
2.12495 0.000233173
2.12585 0.000241518
2.12675 0.000323534
2.12766 0.00051856
2.12857 0.000560045
2.12947 0.000531912
2.13038 0.000688076
2.13129 0.000260353
2.1322 0.000267744
2.13311 0.000237703
2.13402 0.00037694
2.13493 0.000436783
2.13584 0.000149488
2.13675 0.000270605
2.13767 0.000210047
2.13858 0.000128985
2.1395 0.000276327
2.14041 0.000235796
2.14133 0.000509024
2.14225 0.000219107
2.14316 7.1764e-05
2.14408 0.000236273
2.145 0.000158548
2.14592 0.000532627
2.14684 0.000101566
2.14777 0.000352383
2.14869 0.000208855
2.14961 0.000144243
2.15054 0.000432491
2.15146 0.000441074
2.15239 0.000214577
2.15332 0.000470638
2.15424 4.12464e-05
2.15517 0.00015974
2.1561 0.000377178
2.15703 0.000271082
2.15796 0.000431538
2.15889 0.000534773
2.15983 0.000636339
2.16076 0.000654459
2.16169 0.000392199
2.16263 0.000552416
2.16357 0.000579834
2.1645 0.00042057
2.16544 0.000690937
2.16638 0.000606775
2.16732 0.000631332
2.16826 0.000605106
2.1692 0.000650883
2.17014 0.000742197
2.17108 0.00044179
2.17202 0.000563145
2.17297 0.000638962
2.17391 0.000980616
2.17486 0.000879526
2.17581 0.000723839
2.17675 0.000825405
2.1777 0.000422478
2.17865 0.000893354
2.1796 0.000737905
2.18055 0.0011127
2.1815 0.000665426
2.18245 0.000772476
2.18341 0.000968695
2.18436 0.000889301
2.18531 0.000701428
2.18627 0.000936031
2.18723 0.000701189
2.18818 0.000625134
2.18914 0.000923157
2.1901 0.000642777
2.19106 0.000612497
2.19202 0.000620842
2.19298 0.000700235
2.19394 0.000878096
2.19491 0.000830412
2.19587 0.000891685
2.19684 0.000836849
2.1978 0.000799418
2.19877 0.00083518
2.19974 0.000771999
2.2007 0.000505924
2.20167 0.000579834
2.20264 0.000640154
2.20361 0.000707149
2.20459 0.000867605
2.20556 0.000803232
2.20653 0.000771761
2.20751 0.000728846
2.20848 0.00057292
2.20946 0.00048852
2.21043 0.000440359
2.21141 0.000452995
2.21239 0.000850201
2.21337 0.000668764
2.21435 0.000461578
2.21533 0.000742197
2.21631 0.000282526
2.21729 0.000557423
2.21828 0.000641108
2.21926 0.000586748
2.22025 0.000561476
2.22124 0.000730991
2.22222 0.000659227
2.22321 0.000616074
2.2242 0.000433922
2.22519 0.000629664
2.22618 0.000673533
2.22717 0.000593662
2.22816 0.000602245
2.22916 0.000314712
2.23015 0.000325441
2.23115 0.000454187
2.23214 0.000562668
2.23314 0.000650167
2.23414 0.000521898
2.23514 0.000564098
2.23614 0.000541687
2.23714 0.000454426
2.23814 0.000468254
2.23914 0.000334978
2.24014 0.000480652
2.24115 0.000517368
2.24215 0.000585318
2.24316 0.00054431
2.24417 0.000315189
2.24517 0.000422478
2.24618 0.000266075
2.24719 0.00027895
2.2482 0.000606298
2.24921 0.000551701
2.25023 0.000417233
2.25124 0.000349522
2.25225 0.000348091
2.25327 0.000296831
2.25428 0.000183821
2.2553 0.000277042
2.25632 0.000258207
2.25734 0.000406742
2.25836 0.000194788
2.25938 0.000336409
2.2604 0.000296354
2.26142 0.000137567
2.26244 0.000235319
2.26347 0.00040412
2.26449 0.000297785
2.26552 0.000341892
2.26655 0.000204563
2.26757 0.000233889
2.2686 0.000183821
2.26963 0.000309706
2.27066 0.000315428
2.27169 0.000253677
2.27273 0.000257015
2.27376 0.00037837
2.2748 0.000111103
2.27583 0.000340223
2.27687 0.000100851
2.2779 0.000166655
2.27894 9.05991e-05
2.27998 0.000268936
2.28102 0.000180721
2.28206 0.000147104
2.28311 0.000332117
2.28415 0.000244856
2.28519 0.000252485
2.28624 0.000191927
2.28728 0.000119448
2.28833 0.000334501
2.28938 0.000206947
2.29043 0.000160456
2.29148 0.000102043
2.29253 8.53538e-05
2.29358 0.000226498
2.29463 0.000256538
2.29568 0.000127077
2.29674 0.000144482
2.29779 0.000295401
2.29885 0.000160456
2.29991 0.000178099
2.30097 0.000116348
2.30203 2.7895e-05
2.30309 0.000134468
2.30415 0.000196218
2.30521 6.55651e-05
2.30627 0.000195742
2.30734 0.000103951
2.3084 8.65459e-05
2.30947 0.000127554
2.31054 0.00013423
2.3116 0.000197172
2.31267 0.00017786
2.31374 9.25064e-05
2.31481 0.000172615
2.31589 0.000145435
2.31696 0.00027585
2.31803 0.000181198
2.31911 0.000133753
2.32019 0.00023365
2.32126 0.000194788
2.32234 8.4877e-05
2.32342 0.000186682
2.3245 0.000148773
2.32558 0.000156164
2.32666 0.000226259
2.32775 0.000106811
2.32883 0.000206947
2.32992 0.000120401
2.331 9.13143e-05
2.33209 0.000182629
2.33318 9.67979e-05
2.33427 0.000122547
2.33536 0.000167847
2.33645 4.24385e-05
2.33754 0.000179529
2.33863 0.000154972
2.33973 0.000248432
2.34082 0.00019002
2.34192 0.000167847
2.34302 0.000199795
2.34412 0.00014925
2.34522 5.79357e-05
2.34632 6.69956e-05
2.34742 1.64509e-05
2.34852 6.86645e-05
2.34962 0.000141144
2.35073 0.000108004
2.35183 0.000105381
2.35294 0.000154495
2.35405 0.000113964
2.35516 0.000102997
2.35627 0.000123024
2.35738 0.000131845
2.35849 0.000191212
2.3596 6.81877e-05
2.36072 0.000303268
2.36183 0.000183105
2.36295 9.25064e-05
2.36407 0.000383139
2.36518 8.86917e-05
2.3663 0.000178814
2.36742 7.77245e-05
2.36855 0.000168562
2.36967 0.000245333
2.37079 0.00027585
2.37192 6.74725e-05
2.37304 0.000221014
2.37417 0.000177145
2.3753 0.000151634
2.37643 0.000113726
2.37756 0.000115395
2.37869 0.000204086
2.37982 0.000130415
2.38095 0.000257015
2.38209 0.000220299
2.38322 0.000135422
2.38436 0.000133514
2.3855 0.00014925
2.38663 7.72476e-05
2.38777 0.000160456
2.38892 0.000119448
2.39006 0.000133514
2.3912 0.000181436
2.39234 0.000195265
2.39349 0.00014925
2.39464 0.000105619
2.39578 0.000119686
2.39693 9.84669e-05
2.39808 0.000169754
2.39923 0.000231028
2.40038 0.000267744
2.40154 0.000158787
2.40269 9.36985e-05
2.40385 0.000124455
2.405 0.00012517
2.40616 0.000247478
2.40732 4.88758e-05
2.40848 0.000169992
2.40964 0.000152588
2.4108 0.000141144
2.41196 0.000221014
2.41313 0.000124216
2.41429 0.000109434
2.41546 0.000152111
2.41663 0.000196218
2.41779 4.93527e-05
2.41896 0.000191927
2.42014 0.000249386
2.42131 0.000330925
2.42248 0.000308514
2.42365 0.000214815
2.42483 0.000305176
2.42601 0.000211239
2.42718 0.000149727
2.42836 0.00020957
2.42954 9.44138e-05
2.43072 0.000160456
2.43191 0.000179291
2.43309 5.98431e-05
2.43427 0.000170946
2.43546 5.8651e-05
2.43665 0.000186443
2.43784 0.00010252
2.43902 6.31809e-05
2.44021 0.000172138
2.44141 8.7738e-05
2.4426 5.62668e-05
2.44379 0.00027132
2.44499 0.000202894
2.44618 1.09673e-05
2.44738 0.000207186
2.44858 0.00028944
2.44978 0.000184298
2.45098 0.000226021
2.45218 0.000101805
2.45339 0.000232696
2.45459 0.000173569
2.4558 0.000312567
2.457 9.87053e-05
2.45821 0.000314951
2.45942 0.000181913
2.46063 6.36578e-05
2.46184 0.00020051
2.46305 0.000210762
2.46427 0.000166178
2.46548 4.43459e-05
2.4667 0.000121355
2.46792 4.33922e-05
2.46914 7.60555e-05
2.47036 0.000149488
2.47158 0.000194311
2.4728 0.000265598
2.47402 0.000144005
2.47525 0.000230551
2.47647 0.000154257
2.4777 0.000185966
2.47893 0.000183582
2.48016 0.000110149
2.48139 5.00679e-05
2.48262 0.000196457
2.48385 0.000165701
2.48509 0.000177145
2.48633 0.000184774
2.48756 6.4373e-05
2.4888 0.000354767
2.49004 0.000140429
2.49128 0.000149965
2.49252 0.000185728
2.49377 8.10623e-05
2.49501 7.39098e-05
2.49626 0.000234127
2.4975 0.000120163
2.49875 0.000150442
2.5 0.000260353
2.50125 0.000285387
2.5025 0.00013423
2.50376 0.00022912
2.50501 0.000120878
2.50627 0.000262499
2.50752 0.000201941
2.50878 0.000163794
2.51004 0.000102997
2.5113 0.000172854
2.51256 0.000258923
2.51383 0.000155449
2.51509 8.22544e-05
2.51636 0.00010705
2.51762 6.69956e-05
2.51889 0.000143528
2.52016 0.000198364
2.52143 0.000181436
2.5227 8.98838e-05
2.52398 9.27448e-05
2.52525 4.43459e-05
2.52653 9.34601e-05
2.52781 0.000295639
2.52908 0.000219584
2.53036 0.00019598
2.53165 5.17368e-05
2.53293 0.000165701
2.53421 0.000161648
2.5355 0.000249863
2.53678 0.000124931
2.53807 0.000124216
2.53936 0.0001719
2.54065 0.000153303
2.54194 0.000284433
2.54323 0.000155687
2.54453 0.000154734
2.54582 0.000166655
2.54712 3.17097e-05
2.54842 9.13143e-05
2.54972 0.000104427
2.55102 0.000300169
2.55232 0.000156879
2.55363 0.00011158
2.55493 0.000166178
2.55624 0.000142097
2.55754 0.000114441
2.55885 0.000196934
2.56016 0.000113487
2.56148 0.000123978
2.56279 0.000365496
2.5641 0.000123024
2.56542 0.000322342
2.56674 9.2268e-05
2.56805 0.0002532
2.56937 7.51019e-05
2.57069 0.000292063
2.57202 0.000238419
2.57334 9.58443e-05
2.57467 8.51154e-05
2.57599 0.000138998
2.57732 0.000280857
2.57865 0.000208378
2.57998 0.000118494
2.58131 4.86374e-05
2.58264 0.000221014
2.58398 0.000247955
2.58532 5.96046e-05
2.58665 0.000303984
2.58799 0.00036335
2.58933 0.000110388
2.59067 0.000144958
2.59202 0.000233889
2.59336 0.000147819
2.59471 0.000268459
2.59605 0.000230312
2.5974 0.000130415
2.59875 0.000222921
2.6001 0.000101805
2.60146 0.000264168
2.60281 0.000307083
2.60417 0.000123501
2.60552 0.000437975
2.60688 0.000222444
2.60824 0.000135183
2.6096 0.000229597
2.61097 0.000258207
2.61233 -2.40803e-05
2.6137 0.000161409
2.61506 0.000335455
2.61643 0.000172138
2.6178 7.43866e-05
2.61917 0.000224113
2.62055 0.000366926
2.62192 9.05991e-05
2.62329 5.19753e-05
2.62467 6.96182e-05
2.62605 0.000106096
2.62743 0.000216246
2.62881 9.08375e-05
2.63019 0.00033164
2.63158 0.000170469
2.63296 0.000117302
2.63435 0.000151157
2.63574 5.76973e-05
2.63713 0.000191927
2.63852 0.000247002
2.63992 0.000105619
2.64131 0.000105143
2.64271 0.000104189
2.6441 0.000135899
2.6455 0.000159979
2.6469 4.17233e-05
2.64831 0.000102997
2.64971 0.000117779
2.65111 0.000111342
2.65252 0.000160933
2.65393 0.00019908
2.65534 9.29832e-05
2.65675 0.000163317
2.65816 0.000138521
2.65957 -1.54972e-05
2.66099 0.000210762
2.66241 0.000203848
2.66383 0.000112772
2.66525 0.000117779
2.66667 0.000270844
2.66809 0.000246763
2.66951 0.000141144
2.67094 0.000261545
2.67237 0.000244856
2.6738 0.000145435
2.67523 0.000234127
2.67666 0.000255585
2.67809 0.00023675
2.67953 0.000187874
2.68097 0.000305414
2.6824 0.000198126
2.68384 0.000312567
2.68528 0.000160217
2.68673 0.00020957
2.68817 0.000283241
2.68962 0.000166416
2.69107 0.000131369
2.69251 0.000226259
2.69397 0.000276566
2.69542 0.000188589
2.69687 0.000212431
2.69833 0.000234127
2.69978 0.000118256
2.70124 0.000103712
2.7027 0.000134707
2.70416 0.000113964
2.70563 0.000104904
2.70709 0.00029397
2.70856 0.000126123
2.71003 0.000294685
2.7115 0.000159502
2.71297 0.000261307
2.71444 3.55244e-05
2.71592 0.00022006
2.71739 5.00679e-05
2.71887 0.000271559
2.72035 0.000594854
2.72183 0.000504732
2.72331 0.000521898
2.7248 0.000567198
2.72628 0.000542879
2.72777 0.000691414
2.72926 0.000788212
2.73075 0.000890017
2.73224 0.000993013
2.73373 0.000819445
2.73523 0.000629187
2.73673 0.00059247
2.73823 0.000529766
2.73973 0.000776768
2.74123 0.000653744
2.74273 0.000207901
2.74424 0.000299454
2.74574 6.22273e-05
2.74725 0.000338554
2.74876 0.00028801
2.75028 0.000159264
2.75179 0.000285149
2.7533 0.000261068
2.75482 0.000149012
2.75634 0.000418901
2.75786 0.000296354
2.75938 0.000255346
2.76091 0.000114202
2.76243 0.000243902
2.76396 0.000338077
2.76549 0.000272274
2.76702 0.000240803
2.76855 0.000178575
2.77008 0.000394106
2.77162 0.000368595
2.77316 9.2268e-05
2.77469 0.000164986
2.77624 0.00019908
2.77778 0.000124931
2.77932 0.000317097
2.78087 0.000369787
2.78242 0.000234366
2.78396 0.00014329
2.78552 0.000270367
2.78707 0.000359297
2.78862 0.000106335
2.79018 0.000269175
2.79174 0.000135183
2.7933 9.13143e-05
2.79486 9.89437e-05
2.79642 0.000242472
2.79799 0.000216723
2.79955 0.000237465
2.80112 0.000158548
2.80269 0.000272036
2.80426 0.000324249
2.80584 0.000415802
2.80741 0.000274897
2.80899 0.000314712
2.81057 0.000340223
2.81215 0.000459909
2.81373 0.000335455
2.81532 0.000202894
2.8169 0.000243187
2.81849 0.0003438
2.82008 0.000406027
2.82167 0.000534296
2.82326 0.000464678
2.82486 0.000324726
2.82646 0.00054431
2.82805 0.000644922
2.82965 0.00056386
2.83126 0.000706673
2.83286 0.000906467
2.83447 0.00097394
2.83607 0.00119185
2.83768 0.00130582
2.8393 0.00140095
2.84091 0.0014739
2.84252 0.00187326
2.84414 0.00197911
2.84576 0.00256181
2.84738 0.00335169
2.849 0.0039618
2.85063 0.00465345
2.85225 0.00572753
2.85388 0.00678587
2.85551 0.00815058
2.85714 0.00965858
2.85878 0.0110929
2.86041 0.0126998
2.86205 0.0140593
2.86369 0.0151479
2.86533 0.016072
2.86697 0.0160842
2.86862 0.015656
2.87026 0.0151126
2.87191 0.0139451
2.87356 0.0127235
2.87522 0.011426
2.87687 0.0103524
2.87853 0.00935936
2.88018 0.00831461
2.88184 0.00745916
2.88351 0.00689602
2.88517 0.00636554
2.88684 0.00590134
2.8885 0.00554681
2.89017 0.00528789
2.89184 0.00501204
2.89352 0.00466442
2.89519 0.00466013
2.89687 0.00424099
2.89855 0.00407124
2.90023 0.00409937
2.90192 0.00422263
2.9036 0.00414157
2.90529 0.00391674
2.90698 0.00373769
2.90867 0.00404
2.91036 0.00384831
2.91206 0.00399518
2.91375 0.00402808
2.91545 0.00411248
2.91715 0.00425816
2.91886 0.00430512
2.92056 0.00438356
2.92227 0.00438023
2.92398 0.0047729
2.92569 0.00483942
2.9274 0.00500894
2.92912 0.00515652
2.93083 0.00558543
2.93255 0.00590897
2.93427 0.00641608
2.936 0.006742
2.93772 0.00734997
2.93945 0.00800252
2.94118 0.00866818
2.94291 0.00938726
2.94464 0.0102429
2.94638 0.0110905
2.94811 0.0123375
2.94985 0.0133798
2.95159 0.014473
2.95334 0.0156064
2.95508 0.016752
2.95683 0.0174155
2.95858 0.0180402
2.96033 0.0182428
2.96209 0.0179598
2.96384 0.0171804
2.9656 0.0161836
2.96736 0.0147975
2.96912 0.0133629
2.97089 0.0118036
2.97265 0.0103834
2.97442 0.00911212
2.97619 0.00782037
2.97796 0.00684667
2.97974 0.00596452
2.98151 0.00520849
2.98329 0.0045743
2.98507 0.00403976
2.98686 0.0034132
2.98864 0.00315547
2.99043 0.00295424
2.99222 0.00234771
2.99401 0.00227714
2.99581 0.00217891
2.9976 0.0019207
2.9994 0.00179768
3.0012 0.0017004
3.003 0.00134492
3.00481 0.00128079
3.00661 0.00125861
3.00842 0.00113177
3.01023 0.00110316
3.01205 0.0011189
3.01386 0.00111818
3.01568 0.000986576
3.0175 0.000995874
3.01932 0.00075388
3.02115 0.00104427
3.02297 0.00063014
3.0248 0.000719786
3.02663 0.000765085
3.02847 0.000717402
3.0303 0.000733852
3.03214 0.000613928
3.03398 0.000752449
3.03582 0.000522852
3.03767 0.000638962
3.03951 0.000563383
3.04136 0.000626087
3.04321 0.000589609
3.04507 0.000543118
3.04692 0.000606298
3.04878 0.000610352
3.05064 0.000470638
3.0525 0.000450134
3.05437 0.000626326
3.05623 0.000533104
3.0581 0.000473499
3.05998 0.000529766
3.06185 0.000513315
3.06373 0.000556469
3.0656 0.000662804
3.06748 0.000696897
3.06937 0.000782967
3.07125 0.000786781
3.07314 0.000649929
3.07503 0.000673056
3.07692 0.000659704
3.07882 0.00067687
3.08071 0.000733852
3.08261 0.000694513
3.08452 0.000736475
3.08642 0.000837088
3.08833 0.000911951
3.09023 0.000989437
3.09215 0.00107503
3.09406 0.00113416
3.09598 0.00126982
3.09789 0.00132227
3.09981 0.00149202
3.10174 0.00143981
3.10366 0.0015583
3.10559 0.00181961
3.10752 0.00191498
3.10945 0.00221896
3.11139 0.00241876
3.11333 0.00255108
3.11526 0.00296474
3.11721 0.00321507
3.11915 0.00357175
3.1211 0.00407434
3.12305 0.00443745
3.125 0.00491047
3.12695 0.00533438
3.12891 0.00554681
3.13087 0.00603557
3.13283 0.00652981
3.1348 0.00670552
3.13676 0.00668335
3.13873 0.00673652
3.1407 0.0066123
3.14268 0.00641656
3.14465 0.0059793
3.14663 0.00562477
3.14861 0.00508404
3.1506 0.00476646
3.15259 0.0044651
3.15457 0.00420928
3.15657 0.00382996
3.15856 0.00356293
3.16056 0.00324941
3.16256 0.00296688
3.16456 0.00268388
3.16656 0.00256443
3.16857 0.00258613
3.17058 0.00236082
3.17259 0.00221777
3.1746 0.00219512
3.17662 0.0019536
3.17864 0.00203133
3.18066 0.00177574
3.18269 0.00159645
3.18471 0.00170445
3.18674 0.00153828
3.18878 0.00154328
3.19081 0.00146675
3.19285 0.00143337
3.19489 0.00146937
3.19693 0.00147271
3.19898 0.00138593
3.20102 0.00149536
3.20307 0.00137448
3.20513 0.00135875
3.20718 0.00131846
3.20924 0.00136542
3.2113 0.00132608
3.21337 0.00135517
3.21543 0.00142884
3.2175 0.00128818
3.21958 0.00140309
3.22165 0.0013814
3.22373 0.00133252
3.22581 0.00142217
3.22789 0.00149751
3.22997 0.00149798
3.23206 0.0017066
3.23415 0.00146604
3.23625 0.00150228
3.23834 0.00153065
3.24044 0.00166106
3.24254 0.00161052
3.24465 0.0015254
3.24675 0.00164151
3.24886 0.00164366
3.25098 0.00199509
3.25309 0.00173736
3.25521 0.00185633
3.25733 0.00192141
3.25945 0.00193954
3.26158 0.00198698
3.26371 0.00211382
3.26584 0.00202394
3.26797 0.00207806
3.27011 0.00214338
3.27225 0.00224519
3.27439 0.00239563
3.27654 0.00244832
3.27869 0.00244689
3.28084 0.00263858
3.28299 0.00257564
3.28515 0.00291061
3.28731 0.00284958
3.28947 0.00284982
3.29164 0.00294208
3.29381 0.00325728
3.29598 0.00324655
3.29815 0.00349998
3.30033 0.00341606
3.30251 0.00367069
3.30469 0.00371289
3.30688 0.00384736
3.30907 0.00402188
3.31126 0.00421405
3.31345 0.00438428
3.31565 0.00461793
3.31785 0.00492096
3.32005 0.00506544
3.32226 0.00533557
3.32447 0.00555921
3.32668 0.00580645
3.32889 0.0061481
3.33111 0.00644994
3.33333 0.00691509
3.33556 0.00730324
3.33778 0.00760078
3.34001 0.00803351
3.34225 0.00845695
3.34448 0.00894809
3.34672 0.00946331
3.34896 0.0102441
3.35121 0.0108283
3.35345 0.0115118
3.3557 0.0122957
3.35796 0.0129941
3.36022 0.0138254
3.36247 0.0145848
3.36474 0.0155058
3.367 0.0162282
3.36927 0.0171311
3.37154 0.0179028
3.37382 0.0185258
3.3761 0.0190287
3.37838 0.0195699
3.38066 0.0198667
3.38295 0.0198851
3.38524 0.019716
3.38753 0.0195844
3.38983 0.0192196
3.39213 0.0184553
3.39443 0.0177262
3.39674 0.0168994
3.39905 0.0159192
3.40136 0.0150008
3.40368 0.0139718
3.40599 0.0132129
3.40832 0.0122483
3.41064 0.0114887
3.41297 0.0106044
3.4153 0.0099895
3.41763 0.00947976
3.41997 0.00867963
3.42231 0.00809145
3.42466 0.00759935
3.427 0.00704622
3.42936 0.00652599
3.43171 0.00622487
3.43407 0.00587273
3.43643 0.00568867
3.43879 0.00534272
3.44116 0.00499082
3.44353 0.00485158
3.4459 0.00459933
3.44828 0.00439334
3.45066 0.00426793
3.45304 0.00413799
3.45543 0.00403667
3.45781 0.00392151
3.46021 0.00371265
3.4626 0.00366259
3.465 0.00362134
3.46741 0.00352526
3.46981 0.00354934
3.47222 0.00349617
3.47464 0.00339961
3.47705 0.00324702
3.47947 0.00322723
3.48189 0.00336146
3.48432 0.0031755
3.48675 0.00328255
3.48918 0.00325847
3.49162 0.00340867
3.49406 0.00340509
3.4965 0.0036118
3.49895 0.00356126
3.5014 0.00359106
3.50385 0.00362086
3.50631 0.00369549
3.50877 0.00400305
3.51124 0.00409555
3.5137 0.00419998
3.51617 0.00444388
3.51865 0.00471616
3.52113 0.00484181
3.52361 0.00499439
3.52609 0.00532365
3.52858 0.00560331
3.53107 0.00596261
3.53357 0.00637436
3.53607 0.00685597
3.53857 0.00745749
3.54108 0.0078609
3.54359 0.00856018
3.5461 0.00950146
3.54862 0.0104797
3.55114 0.0115743
3.55366 0.012718
3.55619 0.0140276
3.55872 0.0156786
3.56125 0.0177462
3.56379 0.0196693
3.56633 0.0221281
3.56888 0.0245249
3.57143 0.0272651
3.57398 0.029918
3.57654 0.0327654
3.5791 0.0351226
3.58166 0.0372536
3.58423 0.0387938
3.5868 0.0394542
3.58938 0.0395596
3.59195 0.0388381
3.59454 0.0374088
3.59712 0.035553
3.59971 0.0335104
3.60231 0.0312297
3.6049 0.0288317
3.6075 0.0265698
3.61011 0.0245283
3.61272 0.0225227
3.61533 0.0207782
3.61795 0.0192647
3.62056 0.018085
3.62319 0.0168633
3.62582 0.015878
3.62845 0.014955
3.63108 0.0141363
3.63372 0.0135665
3.63636 0.0128734
3.63901 0.012285
3.64166 0.01196
3.64431 0.0114899
3.64697 0.0110447
3.64964 0.0106905
3.6523 0.0104616
3.65497 0.0103254
3.65764 0.0102212
3.66032 0.0100842
3.663 0.00992942
3.66569 0.009794
3.66838 0.00974941
3.67107 0.00969529
3.67377 0.00980759
3.67647 0.00980234
3.67918 0.00981927
3.68189 0.00981545
3.6846 0.00994468
3.68732 0.0101151
3.69004 0.0102076
3.69276 0.0102525
3.69549 0.0105071
3.69822 0.0105832
3.70096 0.0109437
3.7037 0.0109704
3.70645 0.0111778
3.7092 0.0115187
3.71195 0.0117257
3.71471 0.0120251
3.71747 0.012316
3.72024 0.0127327
3.72301 0.0130398
3.72578 0.0133743
3.72856 0.0137627
3.73134 0.0141106
3.73413 0.0145757
3.73692 0.0150406
3.73972 0.0153852
3.74251 0.0159163
3.74532 0.0164108
3.74813 0.0169854
3.75094 0.0176198
3.75375 0.0181251
3.75657 0.018717
3.7594 0.0193572
3.76223 0.0199707
3.76506 0.0207884
3.7679 0.0214841
3.77074 0.0222135
3.77358 0.0229771
3.77644 0.0238113
3.77929 0.0248551
3.78215 0.0257828
3.78501 0.0268414
3.78788 0.0278995
3.79075 0.0290878
3.79363 0.0302916
3.79651 0.031744
3.79939 0.0332382
3.80228 0.0346172
3.80518 0.0362034
3.80807 0.0380738
3.81098 0.0398674
3.81388 0.041785
3.81679 0.0437703
3.81971 0.0458982
3.82263 0.0482359
3.82555 0.0505521
3.82848 0.0528622
3.83142 0.0551524
3.83436 0.0576205
3.8373 0.0600328
3.84025 0.0626833
3.8432 0.0649281
3.84615 0.0671165
3.84911 0.0690503
3.85208 0.071111
3.85505 0.07249
3.85802 0.0736663
3.861 0.074409
3.86399 0.0750906
3.86698 0.0751529
3.86997 0.0751612
3.87297 0.0744657
3.87597 0.0736766
3.87898 0.0724029
3.88199 0.071068
3.885 0.0696421
3.88802 0.0678091
3.89105 0.0660672
3.89408 0.0643168
3.89712 0.0625603
3.90016 0.0605288
3.9032 0.0588491
3.90625 0.057194
3.9093 0.0556812
3.91236 0.0539598
3.91543 0.0526607
3.9185 0.0513759
3.92157 0.0502775
3.92465 0.0490093
3.92773 0.0481243
3.93082 0.0471911
3.93391 0.046427
3.93701 0.0456512
3.94011 0.0450528
3.94322 0.0446112
3.94633 0.0443201
3.94945 0.0439365
3.95257 0.0436864
3.9557 0.0435753
3.95883 0.0435486
3.96197 0.0435893
3.96511 0.0439076
3.96825 0.0441546
3.97141 0.0447121
3.97456 0.0452707
3.97772 0.0458884
3.98089 0.0465965
3.98406 0.0474868
3.98724 0.0485616
3.99042 0.0497348
3.99361 0.051197
3.9968 0.0526257
4 0.0543392
4.0032 0.0561519
4.00641 0.0583284
4.00962 0.060648
4.01284 0.0633905
4.01606 0.0660613
4.01929 0.0695441
4.02253 0.0729277
4.02576 0.0770757
4.02901 0.0813203
4.03226 0.0865908
4.03551 0.0917544
4.03877 0.0980263
4.04204 0.104528
4.04531 0.11189
4.04858 0.11996
4.05186 0.12888
4.05515 0.138511
4.05844 0.148735
4.06174 0.159489
4.06504 0.170789
4.06835 0.182298
4.07166 0.193409
4.07498 0.204213
4.0783 0.213722
4.08163 0.222059
4.08497 0.227783
4.08831 0.231797
4.09165 0.232248
4.095 0.230794
4.09836 0.22602
4.10172 0.219435
4.10509 0.210242
4.10846 0.200455
4.11184 0.189118
4.11523 0.177995
4.11862 0.166069
4.12201 0.155273
4.12541 0.144405
4.12882 0.13451
4.13223 0.125106
4.13565 0.116733
4.13907 0.10887
4.1425 0.102072
4.14594 0.0955765
4.14938 0.0898314
4.15282 0.0847111
4.15628 0.0801914
4.15973 0.0762096
4.1632 0.0723953
4.16667 0.0691638
4.17014 0.0663834
4.17362 0.0637791
4.17711 0.0613773
4.1806 0.0592673
4.1841 0.0572832
4.1876 0.0558453
4.19111 0.0542488
4.19463 0.0529609
4.19815 0.0518706
4.20168 0.051085
4.20521 0.0501404
4.20875 0.0496979
4.2123 0.0491953
4.21585 0.0489576
4.21941 0.0487688
4.22297 0.0487864
4.22654 0.0487351
4.23012 0.0490124
4.2337 0.0492001
4.23729 0.0500009
4.24088 0.0502057
4.24448 0.0509036
4.24809 0.0512643
4.2517 0.0514209
4.25532 0.0520387
4.25894 0.0529521
4.26257 0.0551162
4.26621 0.0564191
4.26985 0.0578842
4.2735 0.059231
4.27716 0.0604932
4.28082 0.0619848
4.28449 0.0638571
4.28816 0.0655851
4.29185 0.0675569
4.29553 0.0693161
4.29923 0.0714996
4.30293 0.0734532
4.30663 0.0754464
4.31034 0.0772772
4.31406 0.0794969
4.31779 0.081207
4.32152 0.0832758
4.32526 0.0847683
4.329 0.0866065
4.33276 0.0878391
4.33651 0.0890374
4.34028 0.0899856
4.34405 0.0907548
4.34783 0.0912507
4.35161 0.0914633
4.3554 0.091552
4.3592 0.0912094
4.363 0.0907896
4.36681 0.0899301
4.37063 0.0890884
4.37445 0.0878506
4.37828 0.0865295
4.38212 0.0850406
4.38596 0.083616
4.38982 0.081795
4.39367 0.0802474
4.39754 0.0784714
4.40141 0.0768828
4.40529 0.0752728
4.40917 0.0736256
4.41306 0.0717969
4.41696 0.0703061
4.42087 0.0687668
4.42478 0.0674825
4.4287 0.0657954
4.43262 0.0645287
4.43656 0.0632176
4.4405 0.0618796
4.44444 0.0606577
4.4484 0.0592604
4.45236 0.0579183
4.45633 0.0568969
4.4603 0.0556328
4.46429 0.0542664
4.46828 0.0532112
4.47227 0.0518758
4.47628 0.0506923
4.48029 0.0493848
4.4843 0.0482776
4.48833 0.0467823
4.49236 0.0455325
4.4964 0.04408
4.50045 0.0429082
4.5045 0.0413992
4.50857 0.0400486
4.51264 0.0385666
4.51671 0.0372689
4.5208 0.0358813
4.52489 0.0345571
4.52899 0.0330455
4.53309 0.0317845
4.53721 0.0303194
4.54133 0.0290575
4.54545 0.0278516
4.54959 0.0265531
4.55373 0.0252636
4.55789 0.0241594
4.56204 0.0230529
4.56621 0.0219471
4.57038 0.0210655
4.57457 0.0199673
4.57875 0.0190301
4.58295 0.0181594
4.58716 0.0174253
4.59137 0.0168095
4.59559 0.0160539
4.59982 0.0151472
4.60405 0.0146496
4.60829 0.0141461
4.61255 0.0134783
4.61681 0.0130098
4.62107 0.0125806
4.62535 0.0120437
4.62963 0.0118098
4.63392 0.0112412
4.63822 0.0109611
4.64253 0.0105259
4.64684 0.0102465
4.65116 0.0100038
4.65549 0.00986695
4.65983 0.00947666
4.66418 0.00925755
4.66853 0.00902557
4.6729 0.00878024
4.67727 0.00860906
4.68165 0.00846791
4.68604 0.00814676
4.69043 0.00785208
4.69484 0.00771189
4.69925 0.0073719
4.70367 0.0071938
4.7081 0.0070014
4.71254 0.00680971
4.71698 0.00644159
4.72144 0.00604463
4.7259 0.00590515
4.73037 0.0056355
4.73485 0.00533462
4.73934 0.00482535
4.74383 0.00448179
4.74834 0.00422192
4.75285 0.00376344
4.75737 0.00355506
4.7619 0.00321174
4.76644 0.00295138
4.77099 0.00275874
4.77555 0.00254703
4.78011 0.00250387
4.78469 0.00234747
4.78927 0.00213361
4.79386 0.00213718
4.79846 0.00214958
4.80307 0.00216746
4.80769 0.00215793
4.81232 0.00204277
4.81696 0.00197148
4.8216 0.00186562
4.82625 0.00197124
4.83092 0.00194049
4.83559 0.00172663
4.84027 0.00182056
4.84496 0.00174856
4.84966 0.00176001
4.85437 0.00165248
4.85909 0.00157857
4.86381 0.00152397
4.86855 0.0014174
4.87329 0.00159311
4.87805 0.00145626
4.88281 0.00143599
4.88759 0.00141358
4.89237 0.00129485
4.89716 0.00138521
4.90196 0.00124097
4.90677 0.00117207
4.91159 0.00124383
4.91642 0.00122762
4.92126 0.00121617
4.92611 0.00110698
4.93097 0.00113535
4.93583 0.00113082
4.94071 0.00109625
4.9456 0.00113463
4.9505 0.00101662
4.9554 0.000963211
4.96032 0.000958681
4.96524 0.000974894
4.97018 0.000863552
4.97512 0.0010469
4.98008 0.000777245
4.98504 0.000784397
4.99002 0.000799418
4.995 0.000759363
5 0.000655174
5.00501 0.000516892
5.01002 0.000652075
5.01505 0.000667334
5.02008 0.000497341
5.02513 0.000499964
5.03018 0.000468016
5.03525 0.000634193
5.04032 0.000490189
5.04541 0.000453472
5.05051 0.000463486
5.05561 0.000434875
5.06073 0.00047493
5.06586 0.000270844
5.07099 0.000334263
5.07614 0.000238895
5.0813 0.000224829
5.08647 0.000226736
5.09165 0.000267744
5.09684 0.000106573
5.10204 3.17097e-05
5.10725 0.000161409
5.11247 0.000144005
5.11771 0.000143766
5.12295 9.72748e-05
5.12821 0.000129461
5.13347 0.000112534
5.13875 0.000233173
5.14403 0.000228643
5.14933 0.00014472
5.15464 0.000179768
5.15996 7.22408e-05
5.16529 0.000102282
5.17063 2.6226e-05
5.17598 0.000104189
5.18135 5.53131e-05
5.18672 0.000121593
5.19211 6.67572e-05
5.19751 4.98295e-05
5.20291 0.000103474
5.20833 5.00679e-05
5.21376 6.31809e-05
5.21921 0.000106811
5.22466 0.000182867
5.23013 8.29697e-05
5.2356 5.38826e-05
5.24109 7.05719e-05
5.24659 9.53674e-05
5.2521 4.673e-05
5.25762 0.000241041
5.26316 3.55244e-05
5.2687 9.63211e-05
5.27426 9.77516e-05
5.27983 8.91685e-05
5.28541 2.69413e-05
5.29101 0.000162602
5.29661 0.000134945
5.30223 8.2016e-05
5.30786 2.14577e-05
5.3135 6.29425e-05
5.31915 0.000131369
5.32481 2.83718e-05
5.33049 1.5974e-05
5.33618 7.70092e-05
5.34188 5.79357e-05
5.34759 1.21594e-05
5.35332 4.19617e-05
5.35906 8.22544e-05
5.36481 0.00014019
5.37057 0.000138521
5.37634 0.00015235
5.38213 0.000101805
5.38793 8.53538e-05
5.39374 9.10759e-05
5.39957 0.000101566
5.40541 7.89165e-05
5.41126 2.90871e-05
5.41712 9.2268e-05
5.42299 0.00019145
5.42888 8.10623e-05
5.43478 9.17911e-05
5.4407 8.46386e-05
5.44662 4.88758e-05
5.45256 7.72476e-05
5.45852 0.000155211
5.46448 0.000119924
5.47046 0.00010109
5.47645 0.000175953
5.48246 5.93662e-05
5.48847 0.000138998
5.49451 8.9407e-05
5.50055 8.03471e-05
5.50661 5.07832e-05
5.51268 6.86645e-05
5.51876 6.4373e-05
5.52486 0.000255823
5.53097 0.000185251
5.5371 6.48499e-05
5.54324 0.000136614
5.54939 0.00013423
5.55556 8.36849e-05
5.56174 0.000188828
5.56793 9.05991e-05
5.57414 9.08375e-05
5.58036 7.48634e-05
5.58659 3.3617e-05
5.59284 0.000211
5.5991 4.79221e-05
5.60538 7.05719e-05
5.61167 0.00011754
5.61798 0.000110149
5.6243 0.000157833
5.63063 0.000117779
5.63698 4.62532e-05
5.64334 0.000142574
5.64972 0.000146866
5.65611 9.77516e-05
5.66251 1.74046e-05
5.66893 7.00951e-05
5.67537 0.000100374
5.68182 9.53674e-05
5.68828 0.000275373
5.69476 0.000172615
5.70125 0.000120401
5.70776 0.000244856
5.71429 0.000156164
5.72082 0.000331402
5.72738 0.000198364
5.73394 0.000190735
5.74053 0.000121593
5.74713 0.000288248
5.75374 6.05583e-05
5.76037 7.84397e-05
5.76701 0.000185251
5.77367 0.000139713
5.78035 0.000123739
5.78704 0.000189304
5.79374 9.29832e-05
5.80046 0.000112295
5.8072 9.32217e-05
5.81395 0.000110149
5.82072 0.000341654
5.82751 0.000128031
5.83431 0.000131845
5.84112 7.55787e-05
5.84795 7.4625e-05
5.8548 8.44002e-05
5.86166 0.000317573
5.86854 0.000295401
5.87544 0.000207663
5.88235 0.000264168
5.88928 0.000116348
5.89623 0.00010848
5.90319 6.41346e-05
5.91017 7.9155e-05
5.91716 0.000167131
5.92417 0.000118256
5.9312 6.7234e-05
5.93824 2.00272e-05
5.9453 0.000211477
5.95238 0.000118494
5.95948 0.000115871
5.96659 4.81605e-05
5.97372 0.000103712
5.98086 0.000160217
5.98802 0.000179291
5.9952 0.000118732
6.0024 0.000157595
6.00962 9.13143e-05
6.01685 0.00010252
6.0241 6.67572e-05
6.03136 0.00011158
6.03865 6.55651e-05
6.04595 0.000263691
6.05327 0.000158787
6.06061 6.67572e-05
6.06796 0.000194311
6.07533 7.70092e-05
6.08273 0.000113487
6.09013 0.000124455
6.09756 9.799e-05
6.10501 7.79629e-05
6.11247 0.000210762
6.11995 0.000241041
6.12745 9.25064e-05
6.13497 7.31945e-05
6.14251 3.05176e-05
6.15006 5.98431e-05
6.15764 0.000104666
6.16523 0.000152111
6.17284 4.76837e-05
6.18047 0.000149488
6.18812 0.000362635
6.19579 2.59876e-05
6.20347 0.000104904
6.21118 6.93798e-05
6.21891 3.86238e-05
6.22665 9.32217e-05
6.23441 0.000218868
6.2422 3.60012e-05
6.25 0.000153065
6.25782 0.000268459
6.26566 0.000126362
6.27353 8.84533e-05
6.28141 5.74589e-05
6.28931 9.72748e-05
6.29723 0.000149727
6.30517 8.29697e-05
6.31313 7.1764e-05
6.32111 0.000103474
6.32911 0.000123262
6.33714 0.000108719
6.34518 0.000247478
6.35324 0.000145674
6.36132 0.000130892
6.36943 0.000171661
6.37755 0.000139475
6.3857 9.72748e-05
6.39386 7.79629e-05
6.40205 0.000180721
6.41026 0.000283241
6.41849 0.00050807
6.42674 0.000237465
6.43501 0.000239611
6.4433 0.000133753
6.45161 0.000141621
6.45995 7.31945e-05
6.46831 5.55515e-05
6.47668 0.000139475
6.48508 0.000196695
6.49351 0.0003016
6.50195 0.000159979
6.51042 6.50883e-05
6.5189 9.98974e-05
6.52742 0.000241756
6.53595 0.000105143
6.5445 0.000116825
6.55308 0.000129461
6.56168 0.000136137
6.5703 8.4877e-05
6.57895 0.000186682
6.58762 0.000187635
6.59631 0.000299215
6.60502 8.82149e-05
6.61376 0.000164509
6.62252 0.000221968
6.6313 0.000248194
6.64011 0.000377178
6.64894 0.00025773
6.65779 0.000102282
6.66667 0.000252724
6.67557 0.000173569
6.68449 7.60555e-05
6.69344 4.91142e-05
6.70241 0.00025177
6.71141 0.000272751
6.72043 0.000254393
6.72948 0.000196218
6.73854 6.74725e-05
6.74764 8.91685e-05
6.75676 0.000101805
6.7659 0.000270844
6.77507 0.000309944
6.78426 0.000352144
6.79348 0.000287056
6.80272 8.39233e-05
6.81199 5.43594e-05
6.82128 0.000106811
6.8306 0.000183105
6.83995 3.00407e-05
6.84932 0.000164509
6.85871 0.000124693
6.86813 0.000380754
6.87758 8.29697e-05
6.88705 4.41074e-05
6.89655 9.2268e-05
6.90608 0.000157118
6.91563 0.000166416
6.92521 0.000118971
6.93481 0.000214815
6.94444 0.000140667
6.9541 8.03471e-05
6.96379 0.000234604
6.9735 0.000164747
6.98324 0.00014925
6.99301 8.29697e-05
7.0028 5.67436e-05
7.01262 6.4373e-05
7.02247 4.33922e-05
7.03235 0.000164986
7.04225 0.000237465
7.05219 0.000234127
7.06215 8.51154e-05
7.07214 0.000106335
7.08215 0.000110388
7.0922 9.03606e-05
7.10227 8.89301e-05
7.11238 2.67029e-05
7.12251 0.000119924
7.13267 2.09808e-05
7.14286 0.000116348
7.15308 0.000118256
7.16332 0.000105143
7.1736 2.36034e-05
7.18391 3.91006e-05
7.19424 0.000197411
7.20461 0.000165939
7.21501 0.0001266
7.22543 0.000201702
7.23589 9.58443e-05
7.24638 0.000172854
7.25689 0.00015235
7.26744 0.000176668
7.27802 0.000220537
7.28863 5.126e-05
7.29927 0.000184536
7.30994 0.000241041
7.32064 0.000184298
7.33138 0.000153303
7.34214 0.000204802
7.35294 0.000145435
7.36377 2.02656e-05
7.37463 6.98566e-05
7.38552 0.000115156
7.39645 8.15391e-05
7.40741 9.15527e-05
7.4184 0.000171185
7.42942 0.0001688
7.44048 0.000159025
7.45156 0.00017786
7.46269 0.000110149
7.47384 0.000198841
7.48503 0.00013566
7.49625 8.17776e-05
7.50751 2.86102e-05
7.5188 8.86917e-05
7.53012 0.000160217
7.54148 8.84533e-05
7.55287 5.43594e-05
7.5643 9.01222e-05
7.57576 0.000110388
7.58725 9.67979e-05
7.59878 0.000156164
7.61035 0.000124931
7.62195 6.17504e-05
7.63359 0.000148773
7.64526 9.98974e-05
7.65697 3.88622e-05
7.66871 5.67436e-05
7.68049 8.79765e-05
7.69231 5.22137e-05
7.70416 0.000146627
7.71605 4.98295e-05
7.72798 0.000175714
7.73994 2.36034e-05
7.75194 0.000112057
7.76398 0.000162602
7.77605 0.000261068
7.78816 0.000223637
7.80031 0.000111342
7.8125 0.000212908
7.82473 0.000148535
7.83699 0.000160694
7.84929 9.72748e-05
7.86164 0.000236034
7.87402 0.000320435
7.88644 0.000160694
7.89889 0.000160217
7.91139 8.70228e-05
7.92393 0.000226259
7.93651 0.000213861
7.94913 0.000109196
7.96178 0.00015235
7.97448 7.34329e-05
7.98722 8.34465e-05
8 6.79493e-05
8.01282 0.000174522
8.02568 0.00014329
8.03859 0.000130177
8.05153 9.87053e-05
8.06452 8.63075e-05
8.07754 0.000133038
8.09061 6.55651e-05
8.10373 4.14848e-05
8.11688 2.55108e-05
8.13008 8.67844e-05
8.14332 0.000144005
8.15661 0.000196934
8.16993 0.000137806
8.18331 4.33922e-05
8.19672 7.36713e-05
8.21018 0.000115633
8.22368 0.000146866
8.23723 0.000151873
8.25083 5.96046e-05
8.26446 0.00011611
8.27815 0.000100136
8.29187 0.000139475
8.30565 0.000173807
8.31947 0.000225067
8.33333 0.000192165
8.34725 0.000138998
8.3612 0.000143766
8.37521 0.000112772
8.38926 7.41482e-05
8.40336 0.000124216
8.41751 4.95911e-05
8.4317 0.000132561
8.44595 0.000107527
8.46024 0.000154972
8.47458 0.000130415
8.48896 6.91414e-05
8.5034 0.000136137
8.51789 8.17776e-05
8.53242 0.00015831
8.54701 0.00029254
8.56164 8.34465e-05
8.57633 8.96454e-05
8.59107 0.000100136
8.60585 0.000118494
8.62069 0.000137806
8.63558 4.26769e-05
8.65052 0.00010848
8.66551 0.000229359
8.68056 0.000113726
8.69565 0.000246048
8.7108 0.00013423
8.726 9.46522e-05
8.74126 2.36034e-05
8.75657 0.000130653
8.77193 0.000160456
8.78735 0.000115156
8.80282 8.65459e-05
8.81834 0.000229597
8.83392 0.000163794
8.84956 0.000176191
8.86525 0.000128269
8.88099 0.000162602
8.8968 3.57628e-05
8.91266 0.00016427
8.92857 0.000221252
8.94454 0.00017643
8.96057 6.05583e-05
8.97666 0.000136852
8.99281 0.000277758
9.00901 9.75132e-05
9.02527 0.000142097
9.04159 0.000187874
9.05797 4.76837e-05
9.07441 8.17776e-05
9.09091 0.000168562
9.10747 0.000164986
9.12409 6.96182e-05
9.14077 4.81605e-05
9.15751 9.9659e-05
9.17431 7.86781e-05
9.19118 3.98159e-05
9.2081 1.35899e-05
9.22509 0.000189066
9.24214 0.000143051
9.25926 0.000158787
9.27644 0.000298023
9.29368 0.000170469
9.31099 0.00025177
9.32836 0.00016427
9.34579 0.000154734
9.3633 0.000126123
9.38086 9.32217e-05
9.3985 0.000158548
9.4162 8.79765e-05
9.43396 8.51154e-05
9.4518 0.000193119
9.4697 0.000372648
9.48767 0.000201225
9.5057 0.000132322
9.52381 0.000119448
9.54198 0.000145197
9.56023 0.000140429
9.57854 8.46386e-05
9.59693 7.79629e-05
9.61538 0.000130653
9.63391 0.000240803
9.65251 0.000261545
9.67118 0.000118256
9.68992 0.000202894
9.70874 0.000145197
9.72763 0.000112772
9.74659 0.000216961
9.76562 9.05991e-05
9.78474 8.4877e-05
9.80392 0.000187397
9.82318 0.000131369
9.84252 0.000109672
9.86193 0.000174046
9.88142 0.000145197
9.90099 0.000107527
9.92063 0.000140667
9.94036 9.56058e-05
9.96016 0.000375748
9.98004 0.000240088
10 8.01086e-05
10.02 0.000144005
10.0402 0.000112057
10.0604 6.74725e-05
10.0806 0.000103474
10.101 8.60691e-05
10.1215 0.000146866
10.142 0.000154257
10.1626 0.000202417
10.1833 0.000200033
10.2041 7.82013e-05
10.2249 0.000183344
10.2459 0.000132561
10.2669 0.000197649
10.2881 0.000108242
10.3093 8.53538e-05
10.3306 7.20024e-05
10.352 0.000257492
10.3734 0.000251293
10.395 0.000160217
10.4167 0.000118017
10.4384 0.000113487
10.4603 6.46114e-05
10.4822 9.98974e-05
10.5042 0.000101566
10.5263 0.000221491
10.5485 0.000167608
10.5708 0.000196934
10.5932 0.000195265
10.6157 0.000287533
10.6383 0.000228882
10.661 0.000346899
10.6838 0.000308752
10.7066 0.000307083
10.7296 0.000420809
10.7527 0.000264883
10.7759 0.00016737
10.7991 0.00025177
10.8225 0.000325203
10.846 0.000188828
10.8696 0.000309229
10.8932 0.000161171
10.917 0.000335693
10.9409 2.3365e-05
10.9649 0.000184536
10.989 0.000189543
11.0132 1.45435e-05
11.0375 0.000107527
11.0619 0.000118256
11.0865 8.27312e-05
11.1111 0.000471115
11.1359 0.000381708
11.1607 0.000199795
11.1857 0.000363112
11.2108 0.000294685
11.236 0.000253439
11.2613 6.17504e-05
11.2867 8.63075e-05
11.3122 0.00041604
11.3379 0.000209331
11.3636 -5.53131e-05
11.3895 0.000471592
11.4155 0.000251532
11.4416 0.000250578
11.4679 0.000108957
11.4943 0.000206709
11.5207 7.22408e-05
11.5473 0.000212192
11.5741 8.2016e-05
11.6009 0.000270844
11.6279 1.57356e-05
11.655 8.15391e-05
11.6822 0.00027585
11.7096 0.000138044
11.7371 0.000112534
11.7647 0.000133991
11.7925 0.000438929
11.8203 0.000634432
11.8483 0.000169516
11.8765 0.000108719
11.9048 0.000374794
11.9332 0.000335455
11.9617 0.000284433
11.9904 0.000286818
12.0192 9.89437e-05
12.0482 0.000360727
12.0773 0.000294685
12.1065 0.000113964
12.1359 0.000113726
12.1655 0.000316143
12.1951 0.000838518
12.2249 0.000318527
12.2549 0.000144005
12.285 0.000602722
12.3153 0.000531912
12.3457 0.000268221
12.3762 0.000217915
12.4069 0.000119448
12.4378 0.000461817
12.4688 0.000524521
12.5 0.000316143
12.5313 0.000208139
12.5628 0.00010252
12.5945 6.10352e-05
12.6263 0.000142574
12.6582 0.000230074
12.6904 0.000501394
12.7226 0.000287771
12.7551 0.000280142
12.7877 0.00034976
12.8205 0.000360966
12.8535 0.0001688
12.8866 0.00015068
12.9199 0.000162602
12.9534 0.000259161
12.987 0.000240564
13.0208 0.000215292
13.0548 0.000320435
13.089 0.000186443
13.1234 0.000185251
13.1579 0.000261545
13.1926 0.000141859
13.2275 0.000498056
13.2626 0.000214577
13.2979 0.000233412
13.3333 0.000151157
13.369 0.000353813
13.4048 0.000433922
13.4409 0.000305414
13.4771 0.000635147
13.5135 0.000553131
13.5501 0.000442266
13.587 0.000284433
13.624 0.000557423
13.6612 0.00027132
13.6986 0.000145912
13.7363 0.000326157
13.7741 0.000272989
13.8122 0.000213623
13.8504 0.000262976
13.8889 0.000174522
13.9276 9.56058e-05
13.9665 4.95911e-05
14.0056 0.000579357
14.0449 0.000277996
14.0845 0.000227451
14.1243 0.000369549
14.1643 0.000276089
14.2045 0.000343561
14.245 0.000346661
14.2857 0.000274897
14.3266 0.000478268
14.3678 0.000653744
14.4092 0.000143528
14.4509 0.000145435
14.4928 0.000347853
14.5349 0.00019455
14.5773 0.000258923
14.6199 0.000531912
14.6628 0.000493765
14.7059 0.000635862
14.7493 0.000597715
14.7929 0.000421047
14.8368 0.000560999
14.881 0.00038147
14.9254 0.000474215
14.9701 0.00127578
15.015 0.000434637
15.0602 0.000236034
15.1057 0.000637531
15.1515 0.000570297
15.1976 0.000269175
15.2439 0.000470638
15.2905 0.000864744
15.3374 0.000472307
15.3846 0.000740528
15.4321 0.000172854
15.4799 0.000301838
15.528 0.000444174
15.5763 0.000329256
15.625 0.000483513
15.674 0.00112414
15.7233 0.000222921
15.7729 0.000588894
15.8228 0.000325918
15.873 0.000503302
15.9236 0.000403881
15.9744 0.00045681
16.0256 0.000266314
16.0772 0.00044322
16.129 0.000482798
16.1812 0.00082922
16.2338 0.000890017
16.2866 0.000231266
16.3399 0.000467539
16.3934 0.000306845
16.4474 9.29832e-05
16.5017 0.000645638
16.5563 0.000620365
16.6113 0.000412226
16.6667 0.000691891
16.7224 0.000372648
16.7785 0.000580072
16.835 0.000544548
16.8919 0.00108814
16.9492 0.000888586
17.0068 0.00110221
17.0648 0.000276566
17.1233 0.000766277
17.1821 0.000433922
17.2414 0.00118828
17.301 0.000858784
17.3611 0.000529051
17.4216 0.000391722
17.4825 0.000669241
17.5439 0.000333309
17.6056 0.000943661
17.6678 0.0011754
17.7305 0.000709534
17.7936 0.000319958
17.8571 0.000483513
17.9211 0.00121188
17.9856 0.0011158
18.0505 0.000968218
18.1159 0.00136113
18.1818 0.000864029
18.2482 0.000622749
18.315 0.000689745
18.3824 0.000847816
18.4502 0.000711441
18.5185 0.00047946
18.5874 0.000944614
18.6567 0.000539541
18.7266 0.000676632
18.797 0.00168705
18.8679 0.000657797
18.9394 0.000979424
19.0114 0.00118685
19.084 0.000939846
19.1571 0.000696421
19.2308 0.000629187
19.305 0.00103355
19.3798 0.00113797
19.4553 0.00115061
19.5312 0.00109386
19.6078 0.000792503
19.685 0.000808001
19.7628 0.000650167
19.8413 0.000564575
19.9203 0.00215626
20 0.000923872
20.0803 0.000424862
20.1613 0.00177932
20.2429 0.00200868
20.3252 0.00136805
20.4082 9.94206e-05
20.4918 0.00100565
20.5761 0.000488758
20.6612 0.00105119
20.7469 0.00138497
20.8333 0.000632525
20.9205 0.00197601
21.0084 0.00196123
21.097 0.00185919
21.1864 0.00130057
21.2766 0.000804424
21.3675 0.00212836
21.4592 0.000671387
21.5517 0.00107861
21.645 0.00096941
21.7391 0.00141358
21.8341 0.00301361
21.9298 0.00243235
22.0264 0.00269008
22.1239 0.00167441
22.2222 0.00154424
22.3214 0.00214934
22.4215 0.00097537
22.5225 0.000546455
22.6244 0.0015645
22.7273 0.00404787
22.8311 0.00127101
22.9358 0.00109506
23.0415 0.00532651
23.1481 0.000710964
23.2558 0.00129366
23.3645 0.00210786
23.4742 0.00435686
23.5849 0.00630546
23.6967 0.00157928
23.8095 0.0106859
23.9234 0.00631976
24.0385 0.00168133
24.1546 0.00400734
24.2718 0.00466847
24.3902 0.00422382
24.5098 0.00566101
24.6305 0.00361395
24.7525 0.00694179
24.8756 0.0111229
25 0.00863218
25.1256 0.0338068
25.2525 0.0280592
25.3807 0.0174024
25.5102 0.00874972
25.641 0.0114384
25.7732 0.019336
25.9067 0.0069766
26.0417 0.0685713
26.178 0.0177965
26.3158 0.0127659
26.455 0.0441632
26.5957 0.0366793
26.738 0.0727463
