1.28205 0.276208
1.28238 0.259767
1.28271 0.247585
1.28304 0.232034
1.28337 0.218968
1.2837 0.199605
1.28403 0.187898
1.28436 0.176391
1.28469 0.161335
1.28502 0.15021
1.28535 0.139101
1.28568 0.129421
1.28601 0.121049
1.28634 0.110306
1.28667 0.103187
1.287 0.0953493
1.28733 0.0862291
1.28766 0.0816033
1.288 0.0740604
1.28833 0.0678601
1.28866 0.0640538
1.28899 0.059577
1.28932 0.0558426
1.28966 0.0536652
1.28999 0.0494778
1.29032 0.0469315
1.29066 0.0429907
1.29099 0.0429621
1.29132 0.0360906
1.29166 0.0358612
1.29199 0.0329454
1.29232 0.031337
1.29266 0.0288584
1.29299 0.0264545
1.29333 0.026788
1.29366 0.0239892
1.294 0.0237224
1.29433 0.0206769
1.29467 0.0211213
1.295 0.0179717
1.29534 0.017493
1.29567 0.0188031
1.29601 0.0181096
1.29634 0.0145011
1.29668 0.0107501
1.29702 0.0125296
1.29735 0.0125503
1.29769 0.0117016
1.29803 0.0116682
1.29836 0.010282
1.2987 0.00893045
1.29904 0.00899673
1.29938 0.00763893
1.29971 0.00856352
1.30005 0.00703239
1.30039 0.00781655
1.30073 0.00675583
1.30107 0.00841165
1.30141 0.00481463
1.30174 0.00581288
1.30208 0.00659585
1.30242 0.00308919
1.30276 0.00411177
1.3031 0.00176144
1.30344 0.00430775
1.30378 0.00350928
1.30412 0.00488305
1.30446 0.00468946
1.3048 0.00407338
1.30514 0.00221729
1.30548 0.00261736
1.30582 0.00221872
1.30617 0.00342631
1.30651 0.00318384
1.30685 0.00239658
1.30719 0.00200272
1.30753 0.0032835
1.30787 0.00188112
1.30822 0.00232291
1.30856 0.00108719
1.3089 0.00327754
1.30924 0.00343609
1.30959 0.00277686
1.30993 0.00123453
1.31027 0.00328755
1.31062 0.00160694
1.31096 0.00164247
1.3113 0.0013268
1.31165 0.00142002
1.31199 0.00133586
1.31234 0.00180149
1.31268 0.00289154
1.31303 0.00295997
1.31337 0.000949383
1.31372 0.000912428
1.31406 0.00115967
1.31441 0.000929356
1.31475 0.00242019
1.3151 0.00109839
1.31544 0.000291109
1.31579 0.00155664
1.31614 0.000966072
1.31648 0.00121713
1.31683 0.00148654
1.31718 0.000947237
1.31752 0.00385261
1.31787 0.00104117
1.31822 0.00160027
1.31857 0.00069952
1.31891 0.00146294
1.31926 0.000471353
1.31961 0.00160575
1.31996 0.00202036
1.32031 0.00255537
1.32066 0.000367165
1.321 0.00124621
1.32135 0.00112486
1.3217 0.00107384
1.32205 0.00151706
1.3224 0.00141835
1.32275 0.000940084
1.3231 0.00107408
1.32345 0.00125694
1.3238 0.00158977
1.32415 0.0013237
1.3245 0.000662804
1.32485 0.000836134
1.32521 0.00195599
1.32556 0.00184655
1.32591 0.00273132
1.32626 0.00166988
1.32661 0.000392437
1.32696 0.00128555
1.32732 0.0012517
1.32767 0.00247836
1.32802 0.000929117
1.32837 0.0023644
1.32873 0.00194216
1.32908 0.00070262
1.32943 0.00293589
1.32979 0.000926733
1.33014 0.00153589
1.33049 0.0011363
1.33085 0.00153756
1.3312 0.000945568
1.33156 0.000437021
1.33191 0.00048995
1.33227 0.00163317
1.33262 0.00225711
1.33298 0.00193357
1.33333 0.00282407
1.33369 0.00161934
1.33404 0.00177789
1.3344 0.00267482
1.33476 0.00283241
1.33511 0.00179625
1.33547 0.00222588
1.33583 0.00158215
1.33618 0.00188136
1.33654 0.000466585
1.3369 0.00138092
1.33726 0.00187874
1.33761 0.00356197
1.33797 0.00179553
1.33833 0.00204039
1.33869 0.00124025
1.33905 0.00233507
1.33941 0.000900984
1.33976 0.000794649
1.34012 0.00205922
1.34048 0.00209808
1.34084 0.00113678
1.3412 0.00188279
1.34156 0.00164199
1.34192 0.00302172
1.34228 0.00166321
1.34264 0.00159979
1.343 0.000911951
1.34336 0.00115299
1.34372 0.00243974
1.34409 0.00183845
1.34445 0.00207806
1.34481 0.00211692
1.34517 0.00185466
1.34553 0.000698566
1.3459 0.000649452
1.34626 0.00151372
1.34662 0.00179982
1.34698 0.00064683
1.34735 0.00115538
1.34771 0.00150609
1.34807 0.000322103
1.34844 0.000169516
1.3488 0.000762224
1.34916 0.000877142
1.34953 0.000627041
1.34989 0.0018785
1.35026 0.000385284
1.35062 0.00056386
1.35099 0.00146604
1.35135 0.00123525
1.35172 0.0010128
1.35208 0.000415087
1.35245 0.00140858
1.35281 0.000948191
1.35318 0.00168943
1.35355 0.00132847
1.35391 0.00060153
1.35428 0.00212884
1.35465 0.00145268
1.35501 0.00206494
1.35538 0.000923872
1.35575 0.00108624
1.35612 0.000670195
1.35648 0.00052309
1.35685 0.0016799
1.35722 0.00135302
1.35759 0.00102663
1.35796 0.000816345
1.35833 0.000522852
1.3587 0.000953197
1.35906 0.00188279
1.35943 0.00235224
1.3598 0.00145292
1.36017 0.0013597
1.36054 0.0025847
1.36091 0.00127053
1.36129 0.00257063
1.36166 0.00251341
1.36203 0.00132251
1.3624 0.0009377
1.36277 0.00181699
1.36314 0.00179386
1.36351 0.00161767
1.36388 0.00189519
1.36426 0.00183106
1.36463 0.00222158
1.365 0.00162101
1.36537 0.000200033
1.36575 0.00173974
1.36612 0.00212979
1.36649 0.0011344
1.36687 0.000492096
1.36724 0.000871182
1.36761 0.00122547
1.36799 0.00115371
1.36836 0.00102568
1.36874 0.00182486
1.36911 0.00274921
1.36949 0.000582457
1.36986 0.000856638
1.37024 0.0020225
1.37061 0.00156212
1.37099 0.00164485
1.37137 0.000989437
1.37174 0.00240183
1.37212 0.00155282
1.3725 0.00137258
1.37287 0.000445366
1.37325 0.00111604
1.37363 0.00157714
1.374 0.00230622
1.37438 0.00107408
1.37476 0.00156426
1.37514 0.00152183
1.37552 0.00114512
1.37589 0.00166416
1.37627 0.00147009
1.37665 0.00221562
1.37703 0.00156069
1.37741 0.00065136
1.37779 0.00183678
1.37817 0.00114226
1.37855 0.00163126
1.37893 0.000272989
1.37931 0.00229883
1.37969 0.0014646
1.38007 0.00107694
1.38045 0.000468492
1.38083 0.00196195
1.38122 0.000590324
1.3816 0.000549078
1.38198 0.00100946
1.38236 0.000918627
1.38274 0.00034523
1.38313 0.000660658
1.38351 0.00105858
1.38389 0.00128102
1.38427 0.00185967
1.38466 0.00045538
1.38504 0.00103402
1.38543 0.00280619
1.38581 0.000945568
1.38619 0.000897646
1.38658 0.00183201
1.38696 0.00207734
1.38735 0.00219703
1.38773 0.00161385
1.38812 0.00123143
1.3885 0.00186968
1.38889 0.000584841
1.38927 0.0012095
1.38966 0.00105143
1.39005 0.000790358
1.39043 0.000593901
1.39082 0.00168371
1.39121 0.000902653
1.39159 0.00115013
1.39198 0.00183463
1.39237 0.0009799
1.39276 0.00182796
1.39315 0.00131559
1.39353 0.00196218
1.39392 0.00101685
1.39431 0.00174308
1.3947 0.00181103
1.39509 0.000682831
1.39548 0.000947475
1.39587 0.00157762
1.39626 0.00131202
1.39665 0.00203133
1.39704 0.00122571
1.39743 0.000634909
1.39782 0.00111651
1.39821 0.00111175
1.3986 0.00149965
1.39899 0.00185132
1.39938 0.000368834
1.39978 0.000445366
1.40017 0.00203204
1.40056 0.00220966
1.40095 0.00194097
1.40135 0.0011251
1.40174 0.00135231
1.40213 0.00182295
1.40252 0.000982761
1.40292 0.00169849
1.40331 0.00189185
1.40371 0.00120425
1.4041 0.000534296
1.40449 0.00157356
1.40489 0.00142288
1.40528 0.00157833
1.40568 0.00159621
1.40607 0.00236797
1.40647 0.00156736
1.40687 0.000863314
1.40726 0.00195003
1.40766 0.00253868
1.40805 0.00274992
1.40845 0.00436211
1.40885 0.00099349
1.40924 0.00282192
1.40964 0.00281525
1.41004 0.0022738
1.41044 0.000879049
1.41084 0.00106358
1.41123 0.00136518
1.41163 0.000612736
1.41203 0.00145578
1.41243 0.0019021
1.41283 0.000851393
1.41323 0.0014751
1.41363 0.00200796
1.41403 0.000620604
1.41443 0.000662804
1.41483 0.00118017
1.41523 0.000935554
1.41563 0.00194264
1.41603 0.00375366
1.41643 0.00181866
1.41683 0.000672817
1.41723 0.00146222
1.41764 0.00101709
1.41804 0.00107074
1.41844 0.00108981
1.41884 0.0012722
1.41924 0.000456572
1.41965 0.00165319
1.42005 0.00168395
1.42045 0.000392914
1.42086 0.000571728
1.42126 0.000239134
1.42167 0.000980139
1.42207 0.000162125
1.42248 0.00110531
1.42288 0.00165915
1.42328 0.00114894
1.42369 0.000746012
1.4241 0.00122714
1.4245 0.00118327
1.42491 0.00155353
1.42531 0.000773192
1.42572 0.000525713
1.42613 0.000677347
1.42653 0.000948191
1.42694 0.00087285
1.42735 0.0011878
1.42776 0.000980377
1.42816 0.00154805
1.42857 0.000945807
1.42898 0.00217557
1.42939 0.00132203
1.4298 0.0013144
1.43021 0.00139237
1.43062 0.000625849
1.43102 0.000859022
1.43143 0.000853062
1.43184 0.00105309
1.43225 0.00126648
1.43266 0.000818729
1.43308 0.000709534
1.43349 0.00118685
1.4339 0.00153208
1.43431 0.00102639
1.43472 0.000943184
1.43513 0.00143981
1.43554 0.00149369
1.43596 0.0017271
1.43637 0.000827789
1.43678 0.000402689
1.43719 0.000677824
1.43761 0.000910759
1.43802 0.00123835
1.43843 0.00117636
1.43885 0.000671148
1.43926 0.00126886
1.43968 0.0013175
1.44009 0.00113773
1.44051 0.0013001
1.44092 0.00190997
1.44134 0.00102282
1.44175 0.000272989
1.44217 0.00032568
1.44259 0.00170279
1.443 0.00112915
1.44342 0.000736713
1.44383 0.00140381
1.44425 0.000597954
1.44467 0.0012753
1.44509 0.000984669
1.4455 0.00111508
1.44592 0.00146222
1.44634 0.000932932
1.44676 0.000777006
1.44718 0.00130796
1.4476 0.000709295
1.44802 0.000530958
1.44844 0.000971556
1.44886 0.00169444
1.44928 0.000776529
1.4497 0.000926733
1.45012 0.000813246
1.45054 0.00161958
1.45096 0.00129938
1.45138 0.000628471
1.4518 0.000669002
1.45222 0.0010767
1.45264 0.00045538
1.45307 0.000280857
1.45349 0.000295639
1.45391 0.000869751
1.45433 0.000746727
1.45476 0.000807762
1.45518 0.000538111
1.4556 0.000334024
1.45603 0.000656366
1.45645 0.000831366
1.45688 0.00177884
1.4573 0.000461817
1.45773 0.000315905
1.45815 0.00100565
1.45858 0.00177479
1.459 0.00123668
1.45943 0.0014472
1.45985 0.00108004
1.46028 0.000805855
1.46071 0.00170684
1.46113 0.000876427
1.46156 0.00107598
1.46199 0.00109863
1.46242 0.0001719
1.46284 0.000275373
1.46327 0.000659227
1.4637 0.000941992
1.46413 0.000362158
1.46456 0.000268698
1.46499 0.00110578
1.46542 0.00057888
1.46585 0.00108695
1.46628 0.00108767
1.46671 0.000995636
1.46714 0.00133824
1.46757 0.000900745
1.468 0.000612736
1.46843 0.000654936
1.46886 0.000919104
1.46929 0.0013721
1.46972 0.00137639
1.47016 0.000980377
1.47059 0.000586987
1.47102 0.000263453
1.47145 0.000104904
1.47189 0.000691891
1.47232 0.000814676
1.47275 0.00168967
1.47319 0.00150561
1.47362 0.00140619
1.47406 0.000787973
1.47449 0.000371933
1.47493 0.00106668
1.47536 0.000910521
1.4758 0.000389338
1.47623 0.00159717
1.47667 0.000370264
1.4771 0.00124192
1.47754 0.000917673
1.47798 0.00077796
1.47842 0.000752211
1.47885 0.00024128
1.47929 0.00228381
1.47973 0.00165176
1.48017 0.00019455
1.4806 0.0004251
1.48104 0.000392199
1.48148 0.000409841
1.48192 0.000906467
1.48236 0.00051856
1.4828 0.000315428
1.48324 0.000968218
1.48368 0.000661612
1.48412 0.000969887
1.48456 0.00128961
1.485 0.000935316
1.48544 0.00114751
1.48588 0.000765085
1.48633 0.00155163
1.48677 0.000714302
1.48721 0.0010457
1.48765 0.000921488
1.4881 0.000687599
1.48854 0.0003407
1.48898 0.00093627
1.48943 0.00117612
1.48987 0.000164986
1.49031 0.000605345
1.49076 0.000956535
1.4912 0.000823498
1.49165 0.0010345
1.49209 0.000545025
1.49254 0.000278473
1.49298 0.000626802
1.49343 0.000829458
1.49388 0.00104904
1.49432 0.00108695
1.49477 0.000997543
1.49522 0.00051713
1.49566 0.000319243
1.49611 0.000529528
1.49656 0.0010581
1.49701 0.00108981
1.49745 0.000256777
1.4979 0.000647306
1.49835 0.00108099
1.4988 0.00154805
1.49925 0.000410557
1.4997 0.00116253
1.50015 0.000889301
1.5006 0.000452519
1.50105 0.000396013
1.5015 0.000627518
1.50195 0.00053668
1.5024 0.00116205
1.50286 0.000260592
1.50331 0.000286341
1.50376 0.000388145
1.50421 0.000746727
1.50466 0.0011797
1.50512 0.000718117
1.50557 0.000822544
1.50602 0.0012548
1.50648 0.000524998
1.50693 0.000757217
1.50739 0.00107121
1.50784 0.000754833
1.5083 0.000227451
1.50875 0.00102878
1.50921 0.00130582
1.50966 0.000373125
1.51012 0.000657082
1.51057 0.00143385
1.51103 0.000646591
1.51149 0.000850201
1.51194 0.000612259
1.5124 0.000756502
1.51286 0.000718355
1.51332 0.000680208
1.51378 0.000206947
1.51423 0.000658035
1.51469 0.00232172
1.51515 0.000762701
1.51561 0.00015235
1.51607 0.00112724
1.51653 0.000451803
1.51699 0.0005126
1.51745 0.000528574
1.51791 0.00052762
1.51837 0.000800371
1.51883 0.000440359
1.5193 0.000493765
1.51976 0.000468731
1.52022 0.000581503
1.52068 0.00125122
1.52114 0.00133514
1.52161 0.000558853
1.52207 0.00165987
1.52253 0.00103378
1.523 0.000346899
1.52346 0.000653982
1.52393 0.00176406
1.52439 0.000981092
1.52486 0.000489712
1.52532 0.000819921
1.52579 0.000548601
1.52625 0.00128102
1.52672 0.000803709
1.52718 0.00022769
1.52765 0.000418425
1.52812 0.000952482
1.52858 0.000671864
1.52905 0.000962257
1.52952 0.000741959
1.52999 0.000603199
1.53046 0.000411987
1.53092 0.00117779
1.53139 0.000746489
1.53186 0.000177622
1.53233 0.000879765
1.5328 0.00100017
1.53327 0.000998974
1.53374 0.000951052
1.53421 0.000863552
1.53468 0.000571728
1.53516 0.000175953
1.53563 0.000754595
1.5361 0.000808954
1.53657 0.00088644
1.53704 0.000865459
1.53752 0.000179052
1.53799 0.000856876
1.53846 0.000314712
1.53894 0.000186205
1.53941 0.000951052
1.53988 0.000147343
1.54036 0.000239611
1.54083 0.00081563
1.54131 0.000931025
1.54178 0.00124264
1.54226 0.00113344
1.54273 0.000308275
1.54321 0.00108123
1.54369 0.000737667
1.54416 0.000867367
1.54464 0.00104785
1.54512 0.00035286
1.5456 0.000482798
1.54607 0.000643253
1.54655 0.000806332
1.54703 0.000504017
1.54751 0.000198126
1.54799 -3.57628e-06
1.54847 0.000627279
1.54895 0.000905037
1.54943 0.000494003
1.54991 0.000334263
1.55039 3.79086e-05
1.55087 0.000481606
1.55135 0.000631571
1.55183 0.0011127
1.55231 0.000858307
1.5528 0.000616312
1.55328 0.00113535
1.55376 0.000602961
1.55424 0.000704765
1.55473 0.000835895
1.55521 0.00101471
1.55569 1.12057e-05
1.55618 0.000536919
1.55666 0.000986099
1.55715 0.000757456
1.55763 0.000838041
1.55812 0.00133228
1.5586 0.0014317
1.55909 0.000699043
1.55958 0.00136423
1.56006 0.00101471
1.56055 0.000361681
1.56104 0.00027585
1.56152 0.00102758
1.56201 0.000792503
1.5625 0.00066185
1.56299 0.000620604
1.56348 0.000893593
1.56397 0.000534058
1.56446 0.000511408
1.56495 0.000451803
1.56544 0.000584602
1.56593 0.000362635
1.56642 0.00117612
1.56691 0.000529051
1.5674 0.000398874
1.56789 0.000882626
1.56838 7.36713e-05
1.56887 0.000567675
1.56937 0.000475407
1.56986 0.000427008
1.57035 0.00049305
1.57085 0.000724316
1.57134 0.000632048
1.57183 0.000499725
1.57233 0.000164986
1.57282 0.000752449
1.57332 0.00126862
1.57381 0.000795841
1.57431 0.000678539
1.5748 0.000534773
1.5753 0.000311375
1.5758 0.000413418
1.57629 0.000142574
1.57679 0.000494003
1.57729 0.000880718
1.57778 0.000525713
1.57828 0.0011282
1.57878 0.000510454
1.57928 0.00101042
1.57978 0.000864029
1.58028 0.000838757
1.58078 0.000309706
1.58128 0.000572205
1.58178 0.000695944
1.58228 0.000790119
1.58278 0.000505447
1.58328 0.00093174
1.58378 0.000472546
1.58428 0.00119257
1.58479 0.00138164
1.58529 0.000526667
1.58579 0.00131869
1.58629 0.000678778
1.5868 0.000537157
1.5873 0.00047183
1.58781 0.000421047
1.58831 0.000667572
1.58881 0.00065732
1.58932 0.000271797
1.58983 0.00115991
1.59033 0.000580072
1.59084 0.000920534
1.59134 0.00134134
1.59185 0.00143433
1.59236 0.000510931
1.59286 0.000583172
1.59337 0.000607967
1.59388 0.0010283
1.59439 0.00116134
1.5949 0.00040555
1.59541 0.000607967
1.59591 0.000636578
1.59642 0.000841856
1.59693 0.000495911
1.59744 0.00079608
1.59795 0.000528336
1.59847 0.000123024
1.59898 9.03606e-05
1.59949 0.000481129
1.6 0.00104141
1.60051 0.000698328
1.60102 0.000484467
1.60154 0.000672817
1.60205 0.000503063
1.60256 0.000420332
1.60308 0.000876665
1.60359 0.000571728
1.60411 0.000633001
1.60462 0.00107646
1.60514 0.000788212
1.60565 0.000384092
1.60617 0.000603914
1.60668 0.000974417
1.6072 0.000869274
1.60772 0.000460625
1.60823 0.000550508
1.60875 0.000869989
1.60927 0.000767946
1.60979 0.000507355
1.61031 0.000221014
1.61082 0.000943661
1.61134 0.00139403
1.61186 0.0006392
1.61238 0.000224829
1.6129 0.000541925
1.61342 0.000908375
1.61394 0.000538349
1.61447 0.000393152
1.61499 0.000425816
1.61551 0.000983
1.61603 0.000367403
1.61655 0.000619173
1.61708 0.000221968
1.6176 0.000995159
1.61812 0.000327826
1.61865 0.00139809
1.61917 0.000685453
1.6197 0.000705004
1.62022 0.000747919
1.62075 0.000862598
1.62127 0.000916481
1.6218 0.000720739
1.62232 0.000384092
1.62285 0.000285864
1.62338 0.000893831
1.6239 0.000538826
1.62443 0.000293255
1.62496 0.00039649
1.62549 0.0012424
1.62602 0.00123262
1.62655 0.000739336
1.62707 0.00155473
1.6276 0.00111675
1.62813 0.00130057
1.62866 0.000837326
1.6292 9.58443e-05
1.62973 0.00014019
1.63026 0.000495434
1.63079 0.000610828
1.63132 0.00147724
1.63185 0.000841618
1.63239 0.0011704
1.63292 0.0017252
1.63345 0.000939131
1.63399 0.00133205
1.63452 0.001086
1.63506 0.000705004
1.63559 0.00083065
1.63613 0.000907183
1.63666 0.000522375
1.6372 0.001122
1.63773 0.000257969
1.63827 0.00114369
1.63881 0.000633717
1.63934 0.00168776
1.63988 0.00107908
1.64042 0.000383854
1.64096 0.000764131
1.6415 0.000565052
1.64204 0.000913143
1.64258 0.000789881
1.64312 0.000536919
1.64366 0.00135446
1.6442 0.00161195
1.64474 0.00127768
1.64528 0.00107241
1.64582 0.000597477
1.64636 0.00100231
1.6469 0.00178862
1.64745 0.000585079
1.64799 0.000913143
1.64853 0.000647306
1.64908 0.000608444
1.64962 0.000199795
1.65017 0.00123191
1.65071 0.00101614
1.65125 0.00100183
1.6518 0.000459671
1.65235 0.00127459
1.65289 0.00159025
1.65344 0.00117016
1.65399 0.00168753
1.65453 0.000566721
1.65508 0.000840187
1.65563 0.0011251
1.65618 0.000417233
1.65673 0.000864267
1.65728 0.000633955
1.65782 0.000830889
1.65837 0.00137854
1.65893 0.000440836
1.65948 0.000492573
1.66003 0.000422239
1.66058 0.000947714
1.66113 0.000614166
1.66168 0.000934362
1.66223 0.00035429
1.66279 0.00171137
1.66334 0.000671387
1.66389 0.000402689
1.66445 0.000104189
1.665 0.0010941
1.66556 0.00141191
1.66611 0.000281572
1.66667 0.000440359
1.66722 0.000553131
1.66778 0.000340223
1.66834 0.000595808
1.66889 0.000686884
1.66945 0.000923395
1.67001 8.15391e-05
1.67056 0.00109911
1.67112 0.00132108
1.67168 0.000664711
1.67224 0.000476837
1.6728 0.000432253
1.67336 0.00100374
1.67392 0.00128388
1.67448 0.00102878
1.67504 0.00144505
1.6756 0.000724077
1.67616 0.000489235
1.67673 0.000485182
1.67729 0.000356674
1.67785 0.000335932
1.67842 0.000307798
1.67898 0.000826597
1.67954 0.00013566
1.68011 0.000304937
1.68067 0.000914812
1.68124 0.000544071
1.6818 0.000641346
1.68237 0.000569105
1.68294 0.000145912
1.6835 0.00138903
1.68407 0.00166893
1.68464 0.00110555
1.6852 0.00135207
1.68577 0.000747681
1.68634 0.000601053
1.68691 0.00168085
1.68748 0.00176072
1.68805 0.000426054
1.68862 0.000417948
1.68919 0.000887394
1.68976 0.000663757
1.69033 0.000626326
1.6909 0.00133824
1.69147 0.000934362
1.69205 0.000437975
1.69262 0.00132847
1.69319 0.000345707
1.69377 0.000776768
1.69434 7.67708e-05
1.69492 0.00133944
1.69549 0.000258446
1.69607 0.00134277
1.69664 0.000854254
1.69722 0.000900745
1.69779 0.00068903
1.69837 0.00110388
1.69895 0.0006845
1.69952 0.000548124
1.7001 0.000558138
1.70068 0.000513554
1.70126 0.000482559
1.70184 0.000925779
1.70242 0.00066328
1.703 0.000661373
1.70358 0.000967979
1.70416 0.00124025
1.70474 0.0011363
1.70532 0.000989675
1.7059 0.00104237
1.70648 0.00129795
1.70707 0.000725269
1.70765 0.000570774
1.70823 0.000656843
1.70882 0.000818014
1.7094 0.00084281
1.70999 0.000842571
1.71057 0.00133228
1.71116 0.000207186
1.71174 0.00133729
1.71233 0.00105095
1.71292 0.000284672
1.7135 0.00103045
1.71409 0.00171924
1.71468 0.00074029
1.71527 0.000384331
1.71585 0.000903606
1.71644 0.000713348
1.71703 0.000603676
1.71762 0.0011096
1.71821 0.000581503
1.7188 0.00111651
1.71939 0.000607729
1.71999 0.000166416
1.72058 0.000496864
1.72117 0.00157332
1.72176 0.00162911
1.72236 0.00108004
1.72295 0.000595331
1.72354 0.000866651
1.72414 0.000963449
1.72473 0.000807285
1.72533 0.000637293
1.72592 0.00192165
1.72652 0.00135326
1.72712 0.00118399
1.72771 0.000729799
1.72831 0.00125861
1.72891 0.00185466
1.72951 0.000993729
1.7301 0.000561237
1.7307 0.000811815
1.7313 0.000718355
1.7319 0.00136995
1.7325 0.000772715
1.7331 0.000797987
1.7337 0.000494719
1.7343 0.000439405
1.73491 0.000898123
1.73551 0.000983477
1.73611 0.000537157
1.73671 0.000801563
1.73732 0.000777245
1.73792 0.000952721
1.73853 0.000801563
1.73913 0.00215316
1.73974 0.00143123
1.74034 0.000761271
1.74095 0.00114131
1.74155 0.00158048
1.74216 0.00196648
1.74277 0.00147629
1.74338 0.00111914
1.74398 0.00183678
1.74459 0.000810146
1.7452 0.000676155
1.74581 0.000565529
1.74642 0.000606775
1.74703 0.0013566
1.74764 0.00106096
1.74825 0.000212431
1.74886 0.000458956
1.74948 0.000876904
1.75009 0.00179982
1.7507 0.00121999
1.75131 0.000510216
1.75193 0.000454903
1.75254 0.00145245
1.75316 0.000819206
1.75377 0.00119019
1.75439 0.000514746
1.755 0.000794172
1.75562 0.00043273
1.75623 0.00136447
1.75685 0.00106812
1.75747 0.00107717
1.75809 0.00110149
1.75871 0.00246859
1.75932 0.000821114
1.75994 0.000576973
1.76056 0.00215244
1.76118 0.000905991
1.7618 6.81877e-05
1.76243 0.000619412
1.76305 0.00166392
1.76367 0.000730276
1.76429 0.000872135
1.76491 0.00135112
1.76554 0.000251293
1.76616 0.00163484
1.76678 0.00164843
1.76741 0.000823498
1.76803 0.00166607
1.76866 0.0004251
1.76929 0.00113797
1.76991 0.00245047
1.77054 0.000971794
1.77117 0.00182629
1.77179 0.00142336
1.77242 0.000631094
1.77305 0.000998735
1.77368 0.00265384
1.77431 0.00175095
1.77494 0.000618219
1.77557 0.000469446
1.7762 0.00151587
1.77683 0.00144053
1.77746 0.000425577
1.77809 0.00188565
1.77873 0.0006845
1.77936 0.00180101
1.77999 0.00183535
1.78063 0.000671148
1.78126 0.00237918
1.7819 0.00171804
1.78253 0.000558615
1.78317 0.0018096
1.7838 0.000859261
1.78444 0.000471115
1.78508 0.000874758
1.78571 0.00158072
1.78635 0.00045824
1.78699 0.00152826
1.78763 0.00178313
1.78827 0.00109625
1.78891 0.00187397
1.78955 0.00159812
1.79019 0.00175047
1.79083 0.000864983
1.79147 0.00187945
1.79211 0.000869274
1.79276 0.00189209
1.7934 0.00264764
1.79404 0.00391221
1.79469 0.00169706
1.79533 0.000656843
1.79598 0.00269484
1.79662 0.00107884
1.79727 0.00143814
1.79791 0.000145197
1.79856 0.00138664
1.79921 0.00256228
1.79986 0.00095439
1.8005 0.00296211
1.80115 0.00235844
1.8018 0.00276256
1.80245 0.00286508
1.8031 0.00212169
1.80375 0.00124574
1.8044 0.00208735
1.80505 0.0029304
1.80571 0.00238609
1.80636 0.0033853
1.80701 0.00575542
1.80766 0.00375414
1.80832 0.00321484
1.80897 0.00395465
1.80963 0.00380683
1.81028 0.00363135
1.81094 0.00376797
1.81159 0.00611329
1.81225 0.00421119
1.81291 0.00431037
1.81357 0.00443149
1.81422 0.00517917
1.81488 0.00396085
1.81554 0.00385785
1.8162 0.00449753
1.81686 0.00315142
1.81752 0.00544858
1.81818 0.00576472
1.81884 0.00499105
1.81951 0.00575161
1.82017 0.00610638
1.82083 0.00731039
1.82149 0.00565553
1.82216 0.0067966
1.82282 0.00643063
1.82349 0.00584197
1.82415 0.0051918
1.82482 0.00480914
1.82548 0.00397348
1.82615 0.00568962
1.82682 0.0056088
1.82749 0.00567055
1.82815 0.00841832
1.82882 0.00692248
1.82949 0.00652528
1.83016 0.00730419
1.83083 0.00743294
1.8315 0.00708675
1.83217 0.00683522
1.83284 0.00539422
1.83352 0.00809503
1.83419 0.0072422
1.83486 0.00963783
1.83554 0.00880766
1.83621 0.00740457
1.83688 0.00878811
1.83756 0.00951457
1.83824 0.0103986
1.83891 0.0121498
1.83959 0.0102806
1.84026 0.00874734
1.84094 0.0085535
1.84162 0.0114667
1.8423 0.00992751
1.84298 0.00961995
1.84366 0.00947166
1.84434 0.00824428
1.84502 0.0110488
1.8457 0.00933409
1.84638 0.011447
1.84706 0.0105922
1.84775 0.0100968
1.84843 0.0128071
1.84911 0.0095439
1.8498 0.0095582
1.85048 0.0095644
1.85117 0.00898719
1.85185 0.0102489
1.85254 0.00911164
1.85322 0.0126998
1.85391 0.0116351
1.8546 0.0103097
1.85529 0.01125
1.85598 0.00863695
1.85667 0.00815702
1.85736 0.0103281
1.85805 0.00998044
1.85874 0.00895166
1.85943 0.0103402
1.86012 0.0094986
1.86081 0.0106068
1.8615 0.00834107
1.8622 0.0104456
1.86289 0.00701833
1.86359 0.0086205
1.86428 0.00736857
1.86498 0.00891519
1.86567 0.008636
1.86637 0.00881267
1.86706 0.00777674
1.86776 0.00931692
1.86846 0.00746512
1.86916 0.00708318
1.86986 0.00842452
1.87056 0.00818658
1.87126 0.00916219
1.87196 0.00926924
1.87266 0.00925255
1.87336 0.00910997
1.87406 0.00723505
1.87477 0.00766802
1.87547 0.00728011
1.87617 0.00727201
1.87688 0.00661993
1.87758 0.00512671
1.87829 0.00656271
1.87899 0.00811172
1.8797 0.00719118
1.88041 0.00674152
1.88111 0.00759196
1.88182 0.00533843
1.88253 0.00658989
1.88324 0.00669408
1.88395 0.00608063
1.88466 0.00675964
1.88537 0.00588942
1.88608 0.00496817
1.88679 0.00646281
1.8875 0.00643134
1.88822 0.00443697
1.88893 0.00667572
1.88964 0.0060246
1.89036 0.00520492
1.89107 0.00639939
1.89179 0.00752926
1.89251 0.0061214
1.89322 0.00672579
1.89394 0.00630736
1.89466 0.0052855
1.89538 0.00486636
1.89609 0.00567102
1.89681 0.00611186
1.89753 0.00629807
1.89825 0.00518131
1.89897 0.00581288
1.8997 0.00592923
1.90042 0.00605202
1.90114 0.00368047
1.90186 0.00462866
1.90259 0.00530124
1.90331 0.00574684
1.90404 0.00448322
1.90476 0.00467706
1.90549 0.00554419
1.90621 0.00359201
1.90694 0.00564694
1.90767 0.00378752
1.9084 0.00344396
1.90913 0.00417185
1.90985 0.00421214
1.91058 0.00431609
1.91131 0.00411749
1.91205 0.00375366
1.91278 0.00368071
1.91351 0.00409007
1.91424 0.00481319
1.91498 0.00441647
1.91571 0.00486922
1.91644 0.00541592
1.91718 0.00464797
1.91791 0.00487542
1.91865 0.00476503
1.91939 0.00356317
1.92012 0.00441432
1.92086 0.00515222
1.9216 0.00397444
1.92234 0.00385642
1.92308 0.00408292
1.92382 0.00310421
1.92456 0.0048542
1.9253 0.00460506
1.92604 0.00270605
1.92678 0.003371
1.92753 0.00368118
1.92827 0.00434518
1.92901 0.00406361
1.92976 0.00398135
1.9305 0.00408959
1.93125 0.00361586
1.93199 0.00297594
1.93274 0.00355315
1.93349 0.00343323
1.93424 0.00343037
1.93498 0.00362706
1.93573 0.00231337
1.93648 0.00274921
1.93723 0.00345612
1.93798 0.00251126
1.93874 0.00323439
1.93949 0.00271463
1.94024 0.00268745
1.94099 0.00234222
1.94175 0.00280118
1.9425 0.00266051
1.94326 0.00206041
1.94401 0.00313377
1.94477 0.00205612
1.94553 0.00238562
1.94628 0.0027144
1.94704 0.00297141
1.9478 0.00322723
1.94856 0.00289249
1.94932 0.00251555
1.95008 0.00281262
1.95084 0.00312924
1.9516 0.00237727
1.95236 0.00229549
1.95312 0.00248671
1.95389 0.00264573
1.95465 0.00227451
1.95542 0.00310421
1.95618 0.00270367
1.95695 0.00247955
1.95771 0.00227833
1.95848 0.00227022
1.95925 0.00230503
1.96002 0.00209355
1.96078 0.00245524
1.96155 0.00258946
1.96232 0.00256371
1.96309 0.00221634
1.96386 0.00158286
1.96464 0.00182152
1.96541 0.00253367
1.96618 0.00211835
1.96696 0.00225306
1.96773 0.00157547
1.9685 0.00200725
1.96928 0.00197315
1.97006 0.00269079
1.97083 0.00164151
1.97161 0.00176168
1.97239 0.00229073
1.97316 0.00214601
1.97394 0.00223398
1.97472 0.00222302
1.9755 0.00229645
1.97628 0.00231552
1.97707 0.00227475
1.97785 0.00240183
1.97863 0.00162721
1.97941 0.00227618
1.9802 0.00233197
1.98098 0.00253964
1.98177 0.0027976
1.98255 0.00191546
1.98334 0.00192881
1.98413 0.00158811
1.98491 0.00178289
1.9857 0.00248218
1.98649 0.00211716
1.98728 0.00270987
1.98807 0.00212789
1.98886 0.000993729
1.98965 0.00149965
1.99045 0.00183702
1.99124 0.00178981
1.99203 0.00221229
1.99283 0.0014224
1.99362 0.00178575
1.99442 0.00234532
1.99521 0.00156951
1.99601 0.00136685
1.99681 0.00137568
1.9976 0.00162339
1.9984 0.00219154
1.9992 0.00163341
2 0.00139332
2.0008 0.00183606
2.0016 0.0014739
2.0024 0.00187302
2.00321 0.00180006
2.00401 0.000743389
2.00481 0.0012188
2.00562 0.00163937
2.00642 0.00195742
2.00723 0.00138307
2.00803 0.00103545
2.00884 0.00128984
2.00965 0.00128007
2.01045 0.00160742
2.01126 0.00106192
2.01207 0.00131631
2.01288 0.0016737
2.01369 0.00150156
2.0145 0.00120282
2.01532 0.00128508
2.01613 0.00125337
2.01694 0.0011878
2.01776 0.00135779
2.01857 0.00141025
2.01939 0.00155687
2.0202 0.00110888
2.02102 0.00138617
2.02184 0.00136709
2.02265 0.00109959
2.02347 0.00134253
2.02429 0.00149178
2.02511 0.00128913
2.02593 0.00158119
2.02675 0.00109577
2.02758 0.00117922
2.0284 0.00163054
2.02922 0.00135469
2.03004 0.000528574
2.03087 0.00120139
2.03169 0.00150204
2.03252 0.00136828
2.03335 0.00122285
2.03417 0.00151539
2.035 0.00146914
2.03583 0.00133061
2.03666 0.000832796
2.03749 0.00113916
2.03832 0.0013299
2.03915 0.00160265
2.03998 0.00154519
2.04082 0.00115871
2.04165 0.00141501
2.04248 0.0014112
2.04332 0.00125384
2.04415 0.00123167
2.04499 0.00136399
2.04583 0.00116062
2.04666 0.00124502
2.0475 0.00105834
2.04834 0.00131416
2.04918 0.00144982
2.05002 0.00108838
2.05086 0.00117445
2.0517 0.00140715
2.05255 0.00132561
2.05339 0.00108147
2.05423 0.00129557
2.05508 0.00149441
2.05592 0.00116467
2.05677 0.00117016
2.05761 0.00131989
2.05846 0.00151372
2.05931 0.00159287
2.06016 0.0012989
2.06101 0.00138688
2.06186 0.00144291
2.06271 0.00134659
2.06356 0.00153351
2.06441 0.00156975
2.06526 0.00158048
2.06612 0.00146842
2.06697 0.00175261
2.06782 0.00172949
2.06868 0.00137997
2.06954 0.00148583
2.07039 0.00131583
2.07125 0.00149918
2.07211 0.00174284
2.07297 0.00148463
2.07383 0.00157094
2.07469 0.00141144
2.07555 0.00171232
2.07641 0.00170898
2.07727 0.00193787
2.07814 0.0017128
2.079 0.00178194
2.07987 0.00184941
2.08073 0.00174665
2.0816 0.00150633
2.08247 0.00154328
2.08333 0.00160909
2.0842 0.0013361
2.08507 0.00139403
2.08594 0.00121427
2.08681 0.00153756
2.08768 0.00150061
2.08855 0.0014987
2.08943 0.00166297
2.0903 0.00140881
2.09118 0.00120831
2.09205 0.00153255
2.09293 0.00144649
2.0938 0.00138784
2.09468 0.00143004
2.09556 0.00104165
2.09644 0.00108218
2.09732 0.00121117
2.0982 0.00118709
2.09908 0.00134301
2.09996 0.00114894
2.10084 0.00134945
2.10172 0.00132465
2.10261 0.000716925
2.10349 0.000880957
2.10438 0.000927687
2.10526 0.00084424
2.10615 0.00109363
2.10704 0.000791311
2.10793 0.000287056
2.10881 0.000250578
2.1097 0.000240088
2.1106 0.000298739
2.11149 0.000403404
2.11238 0.000175953
2.11327 0.000262499
2.11416 0.000327349
2.11506 8.91685e-05
2.11595 0.000237942
2.11685 0.000246763
2.11775 1.50204e-05
2.11864 0.000230074
2.11954 0.000242233
2.12044 0.000320673
2.12134 0.00062418
2.12224 0.000660181
2.12314 0.000290155
2.12404 0.00044322
2.12495 0.000315905
2.12585 0.000584602
2.12675 0.000508308
2.12766 0.000220299
2.12857 0.000488997
2.12947 0.000620127
2.13038 7.98702e-05
2.13129 0.000283003
2.1322 0.000359297
2.13311 0.000302553
2.13402 0.000137091
2.13493 0.000306368
2.13584 0.000422239
2.13675 0.000279903
2.13767 0.000303984
2.13858 0.000435114
2.1395 0.000184059
2.14041 9.70364e-05
2.14133 0.000319004
2.14225 0.000230789
2.14316 0.000279903
2.14408 0.000146389
2.145 0.00043726
2.14592 0.000210762
2.14684 0.00026083
2.14777 0.000249147
2.14869 8.22544e-05
2.14961 0.000246763
2.15054 6.67572e-05
2.15146 9.56058e-05
2.15239 0.000200748
2.15332 0.000165462
2.15424 0.000316381
2.15517 0.000263453
2.1561 0.000225306
2.15703 0.000442743
2.15796 0.000195742
2.15889 0.000175714
2.15983 0.00043869
2.16076 0.00022912
2.16169 0.000153542
2.16263 0.000304461
2.16357 0.000370026
2.1645 0.000454664
2.16544 0.00064683
2.16638 0.000392199
2.16732 0.000262737
2.16826 0.000469208
2.1692 0.000276327
2.17014 0.000226021
2.17108 0.000260592
2.17202 0.000300884
2.17297 0.000432015
2.17391 0.000441074
2.17486 0.000509262
2.17581 0.00029254
2.17675 0.000442982
2.1777 0.000471115
2.17865 0.000444889
2.1796 0.000399828
2.18055 0.000337601
2.1815 0.000301361
2.18245 0.000516176
2.18341 0.000500917
2.18436 0.000512838
2.18531 0.000573397
2.18627 0.000531435
2.18723 0.000694036
2.18818 0.000489473
2.18914 0.000618696
2.1901 0.000466824
2.19106 0.000413895
2.19202 0.00031209
2.19298 0.000319958
2.19394 0.000519991
2.19491 0.000264406
2.19587 0.000566721
2.19684 0.000195503
2.1978 7.67708e-05
2.19877 0.000530958
2.19974 0.00033164
2.2007 0.00041914
2.20167 0.000168562
2.20264 0.000463486
2.20361 0.000567436
2.20459 0.00048089
2.20556 0.00068903
2.20653 0.000409126
2.20751 0.000355959
2.20848 0.000683308
2.20946 0.000386238
2.21043 0.000329495
2.21141 0.000286341
2.21239 0.000388622
2.21337 0.000400066
2.21435 0.000269175
2.21533 0.000178814
2.21631 0.000398874
2.21729 0.000476837
2.21828 0.000132322
2.21926 0.000540495
2.22025 0.000386715
2.22124 0.000494957
2.22222 0.000196934
2.22321 0.0003829
2.2242 0.000403404
2.22519 0.000320196
2.22618 0.000311851
2.22717 0.000620842
2.22816 0.000316858
2.22916 0.000304937
2.23015 0.000251055
2.23115 0.000497103
2.23214 0.0006001
2.23314 0.000499964
2.23414 0.000399828
2.23514 0.000222206
2.23614 0.000364542
2.23714 0.000439644
2.23814 0.000332356
2.23914 0.000412464
2.24014 0.00047636
2.24115 0.000466824
2.24215 0.000728607
2.24316 0.00058341
2.24417 0.000624418
2.24517 0.000581741
2.24618 0.00060463
2.24719 0.000505686
2.2482 0.000412226
2.24921 0.000785112
2.25023 0.000431776
2.25124 0.000686646
2.25225 0.0003438
2.25327 0.000610113
2.25428 0.000291348
2.2553 0.000378847
2.25632 0.00083065
2.25734 0.000380039
2.25836 0.000607014
2.25938 0.00047636
2.2604 0.000550985
2.26142 0.00057745
2.26244 0.000501394
2.26347 0.000423431
2.26449 0.000281572
2.26552 0.00035286
2.26655 0.000246286
2.26757 0.000423193
2.2686 0.000597238
2.26963 0.0005095
2.27066 0.000475645
2.27169 0.000202179
2.27273 0.000299215
2.27376 0.00036335
2.2748 0.000353813
2.27583 0.000364304
2.27687 0.000260592
2.2779 0.000252724
2.27894 0.000250101
2.27998 0.000368357
2.28102 0.000308037
2.28206 0.000284433
2.28311 0.000303507
2.28415 0.000513554
2.28519 0.000211716
2.28624 0.000254154
2.28728 7.29561e-05
2.28833 0.000250578
2.28938 0.000344038
2.29043 0.000368118
2.29148 0.000297785
2.29253 0.000260353
2.29358 0.000240088
2.29463 0.000184059
2.29568 0.000257254
2.29674 0.0001688
2.29779 0.00015974
2.29885 0.00031352
2.29991 7.67708e-05
2.30097 0.000121355
2.30203 0.000130892
2.30309 3.86238e-05
2.30415 7.15256e-05
2.30521 0.000178337
2.30627 0.000171661
2.30734 0.000217438
2.3084 8.84533e-05
2.30947 0.000180244
2.31054 0.000375271
2.3116 0.000368357
2.31267 1.14441e-05
2.31374 0.000212669
2.31481 0.000333786
2.31589 0.000156879
2.31696 0.000109196
2.31803 7.15256e-07
2.31911 0.000166893
2.32019 0.000290632
2.32126 0.000154972
2.32234 0.000377893
2.32342 0.000396013
2.3245 0.000243902
2.32558 0.000179529
2.32666 0.0002985
2.32775 0.000255823
2.32883 0.000350237
2.32992 0.000257015
2.331 0.000299692
2.33209 0.000254393
2.33318 0.000366926
2.33427 0.000175476
2.33536 0.000174284
2.33645 0.000147104
2.33754 0.000311851
2.33863 0.00039506
2.33973 0.000328064
2.34082 0.000146627
2.34192 0.0003016
2.34302 0.000439405
2.34412 0.000334501
2.34522 0.000174761
2.34632 0.000292301
2.34742 0.000111103
2.34852 0.000109196
2.34962 0.000216246
2.35073 0.000198841
2.35183 0.00019145
2.35294 0.00022316
2.35405 0.000202656
2.35516 0.000280142
2.35627 0.000179529
2.35738 7.08103e-05
2.35849 0.000112772
2.3596 0.000237227
2.36072 0.00029254
2.36183 0.000406265
2.36295 0.00016427
2.36407 7.05719e-05
2.36518 9.75132e-05
2.3663 0.000180721
2.36742 0.000210524
2.36855 0.000228167
2.36967 0.000191212
2.37079 0.000166655
2.37192 0.000221491
2.37304 0.00017786
2.37417 0.000213861
2.3753 0.000400305
2.37643 9.48906e-05
2.37756 0.000319004
2.37869 0.000317097
2.37982 4.45843e-05
2.38095 0.000368595
2.38209 0.000391483
2.38322 0.000154972
2.38436 0.000261784
2.3855 0.000133276
2.38663 0.000290632
2.38777 0.000196934
2.38892 -4.07696e-05
2.39006 0.000205278
2.3912 9.10759e-05
2.39234 0.000331163
2.39349 0.000114679
2.39464 0.000222206
2.39578 0.000219345
2.39693 0.000190973
2.39808 0.000122309
2.39923 0.000230074
2.40038 0.000183582
2.40154 8.05855e-05
2.40269 0.000246525
2.40385 0.00017333
2.405 0.000209331
2.40616 0.000167847
2.40732 9.5129e-05
2.40848 0.000149012
2.40964 0.000146627
2.4108 9.75132e-05
2.41196 0.000169516
2.41313 0.000153065
2.41429 0.000162602
2.41546 7.39098e-05
2.41663 6.1512e-05
2.41779 0.000163078
2.41896 8.58307e-05
2.42014 9.67979e-05
2.42131 9.41753e-05
2.42248 0.000114918
2.42365 0.000161171
2.42483 5.24521e-05
2.42601 0.000149965
2.42718 0.000164509
2.42836 0.00022769
2.42954 7.03335e-05
2.43072 0.000118494
2.43191 7.20024e-05
2.43309 0.00013876
2.43427 0.000116825
2.43546 4.91142e-05
2.43665 0.000213861
2.43784 0.000196695
2.43902 0.000165701
2.44021 0.000151634
2.44141 0.00011158
2.4426 0.000207186
2.44379 0.000205994
2.44499 0.000154257
2.44618 0.000104189
2.44738 0.000219822
2.44858 0.000257254
2.44978 0.000136852
2.45098 0.000138998
2.45218 0.000208855
2.45339 0.000175953
2.45459 5.84126e-05
2.4558 7.77245e-05
2.457 2.19345e-05
2.45821 0.000167608
2.45942 6.48499e-05
2.46063 0.000146866
2.46184 0.000272989
2.46305 0.000134945
2.46427 0.000195503
2.46548 0.000194788
2.4667 0.00031805
2.46792 0.000216007
2.46914 0.000103712
2.47036 0.000109434
2.47158 0.000289202
2.4728 0.000140667
2.47402 6.67572e-06
2.47525 0.000147104
2.47647 9.91821e-05
2.4777 3.74317e-05
2.47893 0.000111818
2.48016 8.44002e-05
2.48139 0.00028801
2.48262 0.000188351
2.48385 7.98702e-05
2.48509 0.000122786
2.48633 0.000179768
2.48756 0.000128746
2.4888 0.000196695
2.49004 7.62939e-05
2.49128 0.000168085
2.49252 0.000276327
2.49377 2.67029e-05
2.49501 0.000257015
2.49626 0.000126123
2.4975 0.000172615
2.49875 8.34465e-05
2.5 0.000164509
2.50125 9.05991e-05
2.5025 7.67708e-05
2.50376 0.000157356
2.50501 7.41482e-05
2.50627 8.96454e-05
2.50752 0.000127792
2.50878 0.000221491
2.51004 6.91414e-05
2.5113 5.05447e-05
2.51256 0.000105619
2.51383 0.000165462
2.51509 0.000154734
2.51636 0.000156879
2.51762 0.000272274
2.51889 0.000206232
2.52016 0.000103712
2.52143 7.00951e-05
2.5227 0.000165701
2.52398 6.19888e-05
2.52525 0.00014329
2.52653 2.83718e-05
2.52781 0.000164032
2.52908 0.000184059
2.53036 0.000130653
2.53165 7.70092e-05
2.53293 0.000100136
2.53421 0.000282764
2.5355 0.000313997
2.53678 0.000184298
2.53807 0.00014925
2.53936 0.000158548
2.54065 0.000173807
2.54194 7.93934e-05
2.54323 0.000225782
2.54453 0.000184059
2.54582 8.60691e-05
2.54712 0.000155687
2.54842 0.000186682
2.54972 6.05583e-05
2.55102 0.000129938
2.55232 0.000109672
2.55363 9.48906e-05
2.55493 5.88894e-05
2.55624 0.000136375
2.55754 0.000207901
2.55885 0.00017643
2.56016 0.000136852
2.56148 0.000101805
2.56279 0.000189304
2.5641 0.000258207
2.56542 0.000174046
2.56674 0.000110865
2.56805 6.10352e-05
2.56937 9.77516e-05
2.57069 0.00014925
2.57202 0.000238419
2.57334 2.83718e-05
2.57467 9.29832e-05
2.57599 0.000127554
2.57732 0.000145912
2.57865 0.000144958
2.57998 0.000119209
2.58131 0.00012517
2.58264 5.05447e-05
2.58398 9.39369e-05
2.58532 6.77109e-05
2.58665 4.3869e-05
2.58799 0.000294924
2.58933 0.000442266
2.59067 0.000216484
2.59202 0.000170708
2.59336 0.000161648
2.59471 0.000783205
2.59605 0.000370741
2.5974 7.34329e-05
2.59875 5.76973e-05
2.6001 0.000290871
2.60146 0.00036931
2.60281 0.000271082
2.60417 0.000248432
2.60552 0.000261784
2.60688 0.000362158
2.60824 0.00023222
2.6096 0.00012517
2.61097 0.000155926
2.61233 9.08375e-05
2.6137 0.000124216
2.61506 0.000100613
2.61643 0.000273228
2.6178 0.000296593
2.61917 8.82149e-05
2.62055 0.000214577
2.62192 0.000126123
2.62329 8.51154e-05
2.62467 0.000198126
2.62605 0.000260592
2.62743 0.000230789
2.62881 0.000414848
2.63019 0.000306845
2.63158 0.000236034
2.63296 0.000205278
2.63435 0.000209808
2.63574 6.91414e-05
2.63713 0.000193596
2.63852 0.000115633
2.63992 0.000178575
2.64131 0.000170946
2.64271 0.000100851
2.6441 0.000205994
2.6455 0.000222683
2.6469 0.000212669
2.64831 0.000141621
2.64971 1.78814e-05
2.65111 0.000141621
2.65252 0.000215054
2.65393 0.000132799
2.65534 0.000226021
2.65675 8.60691e-05
2.65816 9.20296e-05
2.65957 2.88487e-05
2.66099 0.00015831
2.66241 0.000145435
2.66383 6.77109e-05
2.66525 0.000185013
2.66667 0.000305891
2.66809 0.000276327
2.66951 0.000200033
2.67094 0.000201702
2.67237 0.00020051
2.6738 2.6226e-05
2.67523 9.03606e-05
2.67666 0.000422955
2.67809 0.000323057
2.67953 7.77245e-05
2.68097 0.000193596
2.6824 0.000103951
2.68384 0.000147581
2.68528 0.000184298
2.68673 0.000186205
2.68817 9.25064e-05
2.68962 0.000261307
2.69107 0.000123262
2.69251 0.000151157
2.69397 0.000114679
2.69542 0.000303507
2.69687 0.000266075
2.69833 0.000109911
2.69978 0.000151396
2.70124 0.000118017
2.7027 5.57899e-05
2.70416 0.000156403
2.70563 0.000327826
2.70709 0.000134707
2.70856 0.000241041
2.71003 0.000274658
2.7115 0.000157118
2.71297 0.000184298
2.71444 0.000163317
2.71592 9.65595e-05
2.71739 0.000210524
2.71887 0.000165224
2.72035 0.000276804
2.72183 0.000318289
2.72331 7.12872e-05
2.7248 0.000377178
2.72628 0.000326634
2.72777 0.00036788
2.72926 0.00032115
2.73075 0.000298739
2.73224 0.000310183
2.73373 0.000399828
2.73523 0.000342846
2.73673 0.000360012
2.73823 0.000242233
2.73973 0.000670672
2.74123 0.000523329
2.74273 0.000361919
2.74424 0.000564337
2.74574 0.000545502
2.74725 0.000627279
2.74876 0.000412941
2.75028 0.000444412
2.75179 0.000634909
2.7533 0.000828505
2.75482 0.000771523
2.75634 0.000712872
2.75786 0.000869989
2.75938 0.000641584
2.76091 0.000821114
2.76243 0.00118542
2.76396 0.00129962
2.76549 0.00148344
2.76702 0.00158977
2.76855 0.00183678
2.77008 0.00208163
2.77162 0.00220919
2.77316 0.00250602
2.77469 0.00285888
2.77624 0.00307155
2.77778 0.00364208
2.77932 0.00407648
2.78087 0.00439453
2.78242 0.0052669
2.78396 0.00559902
2.78552 0.00627756
2.78707 0.00729084
2.78862 0.00775909
2.79018 0.00849128
2.79174 0.00908565
2.7933 0.00988674
2.79486 0.0105398
2.79642 0.0111952
2.79799 0.0115838
2.79955 0.0121591
2.80112 0.0123305
2.80269 0.0128717
2.80426 0.0131149
2.80584 0.0126562
2.80741 0.0126767
2.80899 0.0126882
2.81057 0.0124147
2.81215 0.0120401
2.81373 0.0120297
2.81532 0.0118391
2.8169 0.0114682
2.81849 0.011271
2.82008 0.010814
2.82167 0.0103314
2.82326 0.0101745
2.82486 0.0100315
2.82646 0.00970078
2.82805 0.00960159
2.82965 0.00926328
2.83126 0.00895071
2.83286 0.00894999
2.83447 0.00864267
2.83607 0.00836825
2.83768 0.00808167
2.8393 0.00815964
2.84091 0.00782514
2.84252 0.00790048
2.84414 0.00773358
2.84576 0.00746489
2.84738 0.00751328
2.849 0.00725699
2.85063 0.00733972
2.85225 0.00712323
2.85388 0.00693369
2.85551 0.0069232
2.85714 0.00682497
2.85878 0.0066216
2.86041 0.00681353
2.86205 0.00664973
2.86369 0.00652695
2.86533 0.00640702
2.86697 0.00628138
2.86862 0.00613833
2.87026 0.00601673
2.87191 0.00602031
2.87356 0.00571108
2.87522 0.00582075
2.87687 0.00537014
2.87853 0.00518846
2.88018 0.00521636
2.88184 0.00487542
2.88351 0.00468349
2.88517 0.00448108
2.88684 0.00436807
2.8885 0.00410223
2.89017 0.00401187
2.89184 0.00374985
2.89352 0.00350785
2.89519 0.00328779
2.89687 0.0033412
2.89855 0.00306702
2.90023 0.00274181
2.90192 0.00268745
2.9036 0.00267172
2.90529 0.00247645
2.90698 0.00245547
2.90867 0.00222039
2.91036 0.00206256
2.91206 0.00194645
2.91375 0.00193954
2.91545 0.00179839
2.91715 0.00169706
2.91886 0.00172281
2.92056 0.00168347
2.92227 0.0013628
2.92398 0.00135565
2.92569 0.00137281
2.9274 0.00145245
2.92912 0.00139213
2.93083 0.00139451
2.93255 0.00111175
2.93427 0.00105262
2.936 0.00139141
2.93772 0.00111008
2.93945 0.00108624
2.94118 0.000989437
2.94291 0.000921726
2.94464 0.000900269
2.94638 0.000941038
2.94811 0.00105619
2.94985 0.000911713
2.95159 0.000921726
2.95334 0.00093627
2.95508 0.000795841
2.95683 0.000754118
2.95858 0.000930071
2.96033 0.000795841
2.96209 0.000728369
2.96384 0.000765562
2.9656 0.000763178
2.96736 0.000618219
2.96912 0.000717402
2.97089 0.000618458
2.97265 0.000832319
2.97442 0.000728369
2.97619 0.000636101
2.97796 0.000631094
2.97974 0.000618219
2.98151 0.000748873
2.98329 0.000810623
2.98507 0.000606775
2.98686 0.000768423
2.98864 0.000665426
2.99043 0.000615597
2.99222 0.000546455
2.99401 0.000714302
2.99581 0.000689507
2.9976 0.00065279
2.9994 0.000529766
3.0012 0.000675678
3.003 0.000773668
3.00481 0.000759125
3.00661 0.000797749
3.00842 0.000770807
3.01023 0.00083065
3.01205 0.000895977
3.01386 0.000918388
3.01568 0.000877857
3.0175 0.000794887
3.01932 0.000924349
3.02115 0.000939608
3.02297 0.000831604
3.0248 0.000928402
3.02663 0.000772953
3.02847 0.000820398
3.0303 0.000840425
3.03214 0.00092721
3.03398 0.000924349
3.03582 0.00111103
3.03767 0.000980854
3.03951 0.00100589
3.04136 0.00118733
3.04321 0.000989199
3.04507 0.00109124
3.04692 0.00115514
3.04878 0.00108075
3.05064 0.0010457
3.0525 0.00130033
3.05437 0.00140119
3.05623 0.00129771
3.0581 0.00120807
3.05998 0.0014112
3.06185 0.00146532
3.06373 0.0014472
3.0656 0.00150704
3.06748 0.00169253
3.06937 0.00160074
3.07125 0.00167489
3.07314 0.001688
3.07503 0.00174117
3.07692 0.00197792
3.07882 0.00184798
3.08071 0.00174069
3.08261 0.00186276
3.08452 0.00200748
3.08642 0.00199842
3.08833 0.00189543
3.09023 0.00219226
3.09215 0.00236511
3.09406 0.00239372
3.09598 0.00229836
3.09789 0.00233555
3.09981 0.00271916
3.10174 0.00276804
3.10366 0.00282192
3.10559 0.00288773
3.10752 0.00293493
3.10945 0.002949
3.11139 0.00302434
3.11333 0.00322342
3.11526 0.00336146
3.11721 0.00349426
3.11915 0.00363159
3.1211 0.00359297
3.12305 0.00370002
3.125 0.00409246
3.12695 0.0039835
3.12891 0.0041666
3.13087 0.00442076
3.13283 0.00469327
3.1348 0.00476885
3.13676 0.0048182
3.13873 0.00494528
3.1407 0.00530529
3.14268 0.00548124
3.14465 0.0056107
3.14663 0.00584435
3.14861 0.0060823
3.1506 0.00628567
3.15259 0.00665522
3.15457 0.00683665
3.15657 0.00689745
3.15856 0.00714707
3.16056 0.00750589
3.16256 0.00784111
3.16456 0.00798416
3.16656 0.00839853
3.16857 0.00877523
3.17058 0.00904465
3.17259 0.00937963
3.1746 0.00976109
3.17662 0.00989532
3.17864 0.0104637
3.18066 0.0107887
3.18269 0.0109997
3.18471 0.0114403
3.18674 0.0120377
3.18878 0.0123398
3.19081 0.0128543
3.19285 0.0133209
3.19489 0.0136282
3.19693 0.0141852
3.19898 0.0147309
3.20102 0.0153823
3.20307 0.0158575
3.20513 0.0162978
3.20718 0.016922
3.20924 0.0175452
3.2113 0.018225
3.21337 0.0188637
3.21543 0.0193913
3.2175 0.0200746
3.21958 0.0208409
3.22165 0.0216293
3.22373 0.0222681
3.22581 0.0229037
3.22789 0.0238171
3.22997 0.0246098
3.23206 0.0255892
3.23415 0.0263052
3.23625 0.0272746
3.23834 0.0282214
3.24044 0.0292263
3.24254 0.0301354
3.24465 0.0311799
3.24675 0.0318375
3.24886 0.0329783
3.25098 0.0339291
3.25309 0.0349271
3.25521 0.0359986
3.25733 0.0369539
3.25945 0.0375986
3.26158 0.0385985
3.26371 0.039387
3.26584 0.0400953
3.26797 0.0409379
3.27011 0.0414183
3.27225 0.0418634
3.27439 0.0425117
3.27654 0.042681
3.27869 0.0428998
3.28084 0.0429516
3.28299 0.0426505
3.28515 0.0427334
3.28731 0.0422649
3.28947 0.0416327
3.29164 0.0413206
3.29381 0.0404224
3.29598 0.0395696
3.29815 0.03865
3.30033 0.0373671
3.30251 0.0363915
3.30469 0.0351844
3.30688 0.0337555
3.30907 0.0325773
3.31126 0.0310361
3.31345 0.0297067
3.31565 0.0283902
3.31785 0.0269687
3.32005 0.0256667
3.32226 0.0243015
3.32447 0.0228889
3.32668 0.0218465
3.32889 0.0206533
3.33111 0.0195837
3.33333 0.0185795
3.33556 0.0175049
3.33778 0.0165482
3.34001 0.0156178
3.34225 0.0148082
3.34448 0.014025
3.34672 0.0132897
3.34896 0.0127957
3.35121 0.0119312
3.35345 0.0115013
3.3557 0.0108349
3.35796 0.0102355
3.36022 0.00972652
3.36247 0.00940013
3.36474 0.00874448
3.367 0.00845456
3.36927 0.00803328
3.37154 0.00776148
3.37382 0.00759125
3.3761 0.00707459
3.37838 0.00679779
3.38066 0.00643897
3.38295 0.00619865
3.38524 0.00599027
3.38753 0.0058744
3.38983 0.00558114
3.39213 0.00557327
3.39443 0.00536585
3.39674 0.005059
3.39905 0.00507474
3.40136 0.00483131
3.40368 0.00475383
3.40599 0.0046556
3.40832 0.00440478
3.41064 0.00437355
3.41297 0.00427628
3.4153 0.00424361
3.41763 0.00398564
3.41997 0.00412273
3.42231 0.00406861
3.42466 0.0040741
3.427 0.00396872
3.42936 0.00389814
3.43171 0.00382638
3.43407 0.00368547
3.43643 0.00363326
3.43879 0.00375271
3.44116 0.00373101
3.44353 0.00381541
3.4459 0.00359345
3.44828 0.00364685
3.45066 0.00367022
3.45304 0.00352621
3.45543 0.00353241
3.45781 0.00371575
3.46021 0.00352788
3.4626 0.00358629
3.465 0.0037837
3.46741 0.00367665
3.46981 0.00381804
3.47222 0.00371981
3.47464 0.0037334
3.47705 0.00386357
3.47947 0.00389528
3.48189 0.00377011
3.48432 0.00388503
3.48675 0.0039537
3.48918 0.00406957
3.49162 0.0042212
3.49406 0.00431442
3.4965 0.0045085
3.49895 0.00454593
3.5014 0.00473928
3.50385 0.0047543
3.50631 0.00470161
3.50877 0.00484872
3.51124 0.00514269
3.5137 0.00529027
3.51617 0.00551438
3.51865 0.00559926
3.52113 0.00569844
3.52361 0.0060761
3.52609 0.00630307
3.52858 0.00657845
3.53107 0.00672579
3.53357 0.00704646
3.53607 0.00729346
3.53857 0.00763535
3.54108 0.00789738
3.54359 0.00832653
3.5461 0.00869441
3.54862 0.00899482
3.55114 0.0094595
3.55366 0.00999188
3.55619 0.0103989
3.55872 0.0109465
3.56125 0.0116358
3.56379 0.0121276
3.56633 0.0128183
3.56888 0.0134954
3.57143 0.0143347
3.57398 0.0151835
3.57654 0.015986
3.5791 0.0171976
3.58166 0.0183184
3.58423 0.0192776
3.5868 0.0204356
3.58938 0.0218186
3.59195 0.0232315
3.59454 0.0249028
3.59712 0.0265775
3.59971 0.02829
3.60231 0.0301027
3.6049 0.032404
3.6075 0.0346572
3.61011 0.0370705
3.61272 0.0396163
3.61533 0.0425453
3.61795 0.0455685
3.62056 0.0488281
3.62319 0.0522475
3.62582 0.0559225
3.62845 0.059835
3.63108 0.0640552
3.63372 0.0685737
3.63636 0.0734139
3.63901 0.0782168
3.64166 0.0836532
3.64431 0.0890925
3.64697 0.0951512
3.64964 0.101147
3.6523 0.107244
3.65497 0.113836
3.65764 0.120524
3.66032 0.127183
3.663 0.133868
3.66569 0.140601
3.66838 0.146987
3.67107 0.153694
3.67377 0.159914
3.67647 0.166045
3.67918 0.171446
3.68189 0.176866
3.6846 0.181419
3.68732 0.185829
3.69004 0.189147
3.69276 0.192353
3.69549 0.194625
3.69822 0.196811
3.70096 0.197573
3.7037 0.198501
3.70645 0.198498
3.7092 0.198465
3.71195 0.197591
3.71471 0.196512
3.71747 0.195036
3.72024 0.193356
3.72301 0.191087
3.72578 0.188863
3.72856 0.186591
3.73134 0.184026
3.73413 0.181296
3.73692 0.17879
3.73972 0.176249
3.74251 0.173589
3.74532 0.171175
3.74813 0.168487
3.75094 0.166191
3.75375 0.163435
3.75657 0.161241
3.7594 0.158706
3.76223 0.156995
3.76506 0.154474
3.7679 0.152667
3.77074 0.150636
3.77358 0.149305
3.77644 0.147182
3.77929 0.145712
3.78215 0.144133
3.78501 0.142703
3.78788 0.141296
3.79075 0.140026
3.79363 0.138771
3.79651 0.137524
3.79939 0.136589
3.80228 0.135506
3.80518 0.134428
3.80807 0.133512
3.81098 0.132671
3.81388 0.13186
3.81679 0.131012
3.81971 0.130193
3.82263 0.129536
3.82555 0.128837
3.82848 0.128276
3.83142 0.127455
3.83436 0.126949
3.8373 0.126154
3.84025 0.125635
3.8432 0.124853
3.84615 0.124407
3.84911 0.123489
3.85208 0.123118
3.85505 0.12222
3.85802 0.121922
3.861 0.121
3.86399 0.120474
3.86698 0.119793
3.86997 0.119259
3.87297 0.118439
3.87597 0.117913
3.87898 0.116879
3.88199 0.116167
3.885 0.115596
3.88802 0.114896
3.89105 0.114194
3.89408 0.113373
3.89712 0.112472
3.90016 0.111665
3.9032 0.111035
3.90625 0.110166
3.9093 0.109561
3.91236 0.108654
3.91543 0.107921
3.9185 0.106995
3.92157 0.106247
3.92465 0.10525
3.92773 0.104756
3.93082 0.103837
3.93391 0.103296
3.93701 0.102022
3.94011 0.101525
3.94322 0.100515
3.94633 0.0998888
3.94945 0.0991857
3.95257 0.0984461
3.9557 0.0976422
3.95883 0.0969122
3.96197 0.0961838
3.96511 0.0955489
3.96825 0.0948904
3.97141 0.0942178
3.97456 0.0934319
3.97772 0.0928748
3.98089 0.0923812
3.98406 0.091784
3.98724 0.0911279
3.99042 0.0906017
3.99361 0.0902827
3.9968 0.0897696
4 0.089385
4.0032 0.0888162
4.00641 0.0887132
4.00962 0.0881703
4.01284 0.0879095
4.01606 0.0875773
4.01929 0.0875378
4.02253 0.0872674
4.02576 0.0872574
4.02901 0.087013
4.03226 0.0872273
4.03551 0.0870693
4.03877 0.0872447
4.04204 0.0873725
4.04531 0.0876186
4.04858 0.0877342
4.05186 0.0881403
4.05515 0.0885139
4.05844 0.0889559
4.06174 0.0893412
4.06504 0.0899215
4.06835 0.0906932
4.07166 0.0914352
4.07498 0.0921753
4.0783 0.0929675
4.08163 0.0940008
4.08497 0.0949593
4.08831 0.0961423
4.09165 0.097379
4.095 0.0985704
4.09836 0.0997548
4.10172 0.101357
4.10509 0.102731
4.10846 0.104454
4.11184 0.105957
4.11523 0.10777
4.11862 0.109449
4.12201 0.111553
4.12541 0.113152
4.12882 0.115086
4.13223 0.116901
4.13565 0.118948
4.13907 0.120787
4.1425 0.122757
4.14594 0.124572
4.14938 0.126233
4.15282 0.127762
4.15628 0.129363
4.15973 0.130721
4.1632 0.13167
4.16667 0.132701
4.17014 0.133094
4.17362 0.133597
4.17711 0.13353
4.1806 0.133455
4.1841 0.132545
4.1876 0.131777
4.19111 0.130046
4.19463 0.128665
4.19815 0.126791
4.20168 0.124969
4.20521 0.122786
4.20875 0.120709
4.2123 0.117797
4.21585 0.115311
4.21941 0.111988
4.22297 0.109206
4.22654 0.105995
4.23012 0.103233
4.2337 0.100124
4.23729 0.097347
4.24088 0.0942533
4.24448 0.0916641
4.24809 0.0881231
4.2517 0.0855327
4.25532 0.0822935
4.25894 0.0800533
4.26257 0.0785871
4.26621 0.0765202
4.26985 0.0750115
4.2735 0.0728316
4.27716 0.0706797
4.28082 0.0684295
4.28449 0.0671945
4.28816 0.0654201
4.29185 0.0641234
4.29553 0.0624165
4.29923 0.0609291
4.30293 0.060039
4.30663 0.0590649
4.31034 0.0578842
4.31406 0.0568209
4.31779 0.0560811
4.32152 0.0553036
4.32526 0.0544441
4.329 0.0539427
4.33276 0.0533535
4.33651 0.0527654
4.34028 0.0523567
4.34405 0.0519192
4.34783 0.0516
4.35161 0.0514069
4.3554 0.0511162
4.3592 0.0507987
4.363 0.0505967
4.36681 0.0504103
4.37063 0.0504618
4.37445 0.0503106
4.37828 0.0502999
4.38212 0.0501482
4.38596 0.0502665
4.38982 0.0501347
4.39367 0.0502827
4.39754 0.0502365
4.40141 0.0503511
4.40529 0.0504925
4.40917 0.0506828
4.41306 0.050751
4.41696 0.0509968
4.42087 0.051204
4.42478 0.0516102
4.4287 0.0518923
4.43262 0.0521808
4.43656 0.0524304
4.4405 0.0528092
4.44444 0.0530319
4.4484 0.0534122
4.45236 0.0537138
4.45633 0.053968
4.4603 0.0543816
4.46429 0.0545461
4.46828 0.0547664
4.47227 0.0549469
4.47628 0.0550058
4.48029 0.0551362
4.4843 0.0553832
4.48833 0.0551708
4.49236 0.0551925
4.4964 0.0548954
4.50045 0.0547097
4.5045 0.0543184
4.50857 0.0538106
4.51264 0.0533185
4.51671 0.0527213
4.5208 0.0518518
4.52489 0.0509806
4.52899 0.0498609
4.53309 0.0488014
4.53721 0.0476017
4.54133 0.0462539
4.54545 0.044904
4.54959 0.0433125
4.55373 0.0417597
4.55789 0.0401559
4.56204 0.0384808
4.56621 0.0367854
4.57038 0.0348399
4.57457 0.0330942
4.57875 0.0313141
4.58295 0.0295973
4.58716 0.0280197
4.59137 0.0261106
4.59559 0.0244825
4.59982 0.0229776
4.60405 0.0214195
4.60829 0.0198212
4.61255 0.0185366
4.61681 0.0172181
4.62107 0.0158835
4.62535 0.0147898
4.62963 0.0137119
4.63392 0.0127432
4.63822 0.0116689
4.64253 0.0108047
4.64684 0.0100191
4.65116 0.00922942
4.65549 0.0084703
4.65983 0.00782728
4.66418 0.00725532
4.66853 0.00671029
4.6729 0.0061717
4.67727 0.0057261
4.68165 0.00521755
4.68604 0.00475287
4.69043 0.00438833
4.69484 0.0041213
4.69925 0.00388932
4.70367 0.00367117
4.7081 0.0032692
4.71254 0.00319862
4.71698 0.00290084
4.72144 0.00269461
4.7259 0.00243545
4.73037 0.00242329
4.73485 0.00223661
4.73934 0.00217748
4.74383 0.00209737
4.74834 0.00191617
4.75285 0.00170708
4.75737 0.00163555
4.7619 0.00153804
4.76644 0.00152659
4.77099 0.00156832
4.77555 0.00134373
4.78011 0.00128055
4.78469 0.00133133
4.78927 0.00129247
4.79386 0.00125408
4.79846 0.00122857
4.80307 0.0012188
4.80769 0.00135159
4.81232 0.00134659
4.81696 0.00129342
4.8216 0.00126171
4.82625 0.00129247
4.83092 0.00127482
4.83559 0.0012393
4.84027 0.00130153
4.84496 0.00136518
4.84966 0.0012939
4.85437 0.00135088
4.85909 0.00116992
4.86381 0.00138283
4.86855 0.0014174
4.87329 0.00135994
4.87805 0.00125194
4.88281 0.00118971
4.88759 0.00121355
4.89237 0.00140977
4.89716 0.00126433
4.90196 0.00123286
4.90677 0.00130987
4.91159 0.00137115
4.91642 0.00134468
4.92126 0.00131202
4.92611 0.00136232
4.93097 0.00144291
4.93583 0.00121975
4.94071 0.00115752
4.9456 0.00133896
4.9505 0.00123453
4.9554 0.00108695
4.96032 0.00117946
4.96524 0.00103116
4.97018 0.00102115
4.97512 0.000891924
4.98008 0.00108814
4.98504 0.00091815
4.99002 0.00104094
4.995 0.000870943
5 0.000919342
5.00501 0.000636578
5.01002 0.000750065
5.01505 0.000729084
5.02008 0.000557661
5.02513 0.000585318
5.03018 0.000533104
5.03525 0.000584841
5.04032 0.00041461
5.04541 0.000515461
5.05051 0.0003407
5.05561 0.00035286
5.06073 0.000394344
5.06586 0.000185251
5.07099 0.000304461
5.07614 0.000322819
5.0813 0.000179768
5.08647 0.000246525
5.09165 0.000186205
5.09684 0.000126123
5.10204 0.000154972
5.10725 0.000257254
5.11247 0.000104666
5.11771 2.74181e-05
5.12295 0.000145912
5.12821 0.000125885
5.13347 0.000166416
5.13875 7.9155e-05
5.14403 0.00016737
5.14933 6.05583e-05
5.15464 4.57764e-05
5.15996 9.63211e-05
5.16529 9.15527e-05
5.17063 0.000110865
5.17598 0.000104904
5.18135 8.10623e-05
5.18672 0.000157595
5.19211 0.00017333
5.19751 0.000116825
5.20291 9.72748e-05
5.20833 0.000121832
5.21376 0.000105381
5.21921 8.82149e-05
5.22466 0.000115633
5.23013 0.000133038
5.2356 8.4877e-05
5.24109 8.51154e-05
5.24659 0.000149965
5.2521 5.26905e-05
5.25762 3.45707e-05
5.26316 0.00011754
5.2687 3.62396e-05
5.27426 0.000187159
5.27983 0.000149012
5.28541 7.79629e-05
5.29101 0.000206947
5.29661 3.86238e-05
5.30223 0.000142813
5.30786 4.24385e-05
5.3135 9.29832e-05
5.31915 0.000169992
5.32481 4.07696e-05
5.33049 0.000108242
5.33618 0.00011301
5.34188 8.15391e-05
5.34759 0.000131607
5.35332 0.000111818
5.35906 0.000121832
5.36481 0.000150204
5.37057 0.000103235
5.37634 4.3869e-05
5.38213 0.000118971
5.38793 3.31402e-05
5.39374 9.799e-05
5.39957 9.72748e-05
5.40541 5.48363e-05
5.41126 8.55923e-05
5.41712 0.0001297
5.42299 0.000381947
5.42888 5.07832e-05
5.43478 3.09944e-05
5.4407 0.000154257
5.44662 9.87053e-05
5.45256 5.62668e-05
5.45852 0.000114918
5.46448 8.4877e-05
5.47046 2.16961e-05
5.47645 0.000133038
5.48246 0.000203848
5.48847 9.53674e-05
5.49451 9.5129e-05
5.50055 0.000110388
5.50661 9.46522e-05
5.51268 3.57628e-05
5.51876 0.000167847
5.52486 8.84533e-05
5.53097 0.000286102
5.5371 0.000178099
5.54324 0.000155211
5.54939 0.000277042
5.55556 0.000146627
5.56174 1.54972e-05
5.56793 9.05991e-05
5.57414 5.26905e-05
5.58036 5.84126e-05
5.58659 3.21865e-05
5.59284 7.86781e-05
5.5991 2.7895e-05
5.60538 0.000123024
5.61167 0.000126123
5.61798 2.19345e-05
5.6243 0.000168085
5.63063 0.00013566
5.63698 8.84533e-05
5.64334 0.000131369
5.64972 0.000131845
5.65611 9.2268e-05
5.66251 9.08375e-05
5.66893 7.27177e-05
5.67537 0.000210762
5.68182 0.00036478
5.68828 0.00039506
5.69476 0.000224829
5.70125 0.000189781
5.70776 0.000204802
5.71429 0.000142097
5.72082 0.000222444
5.72738 0.000169516
5.73394 0.000166655
5.74053 2.86102e-05
5.74713 0.000137329
5.75374 5.38826e-05
5.76037 7.60555e-05
5.76701 7.72476e-05
5.77367 9.70364e-05
5.78035 0.00014329
5.78704 7.22408e-05
5.79374 8.13007e-05
5.80046 0.000150204
5.8072 0.000133753
5.81395 6.19888e-05
5.82072 0.000336885
5.82751 0.000160456
5.83431 0.000115395
5.84112 8.98838e-05
5.84795 9.82284e-05
5.8548 0.000138283
5.86166 0.000212431
5.86854 0.000137329
5.87544 0.000162602
5.88235 0.000189066
5.88928 0.000124455
5.89623 0.000327349
5.90319 8.29697e-05
5.91017 3.0756e-05
5.91716 0.000229597
5.92417 6.1512e-05
5.9312 0.000154257
5.93824 0.000798941
5.9453 0.000127792
5.95238 0.000115633
5.95948 0.000168562
5.96659 9.65595e-05
5.97372 8.7738e-05
5.98086 0.000114202
5.98802 0.000171423
5.9952 0.000186443
6.0024 0.000130415
6.00962 0.000138521
6.01685 0.00015235
6.0241 0.000100851
6.03136 8.01086e-05
6.03865 0.000155211
6.04595 0.000448704
6.05327 0.000102043
6.06061 0.000178099
6.06796 0.00031662
6.07533 5.76973e-05
6.08273 0.000135183
6.09013 9.13143e-05
6.09756 9.53674e-06
6.10501 0.000106335
6.11247 0.000378132
6.11995 6.00815e-05
6.12745 9.799e-05
6.13497 5.76973e-05
6.14251 0.000104666
6.15006 6.4373e-05
6.15764 0.000320435
6.16523 0.000226021
6.17284 5.17368e-05
6.18047 0.000142813
6.18812 0.000308514
6.19579 4.93527e-05
6.20347 7.9155e-05
6.21118 0.000140429
6.21891 0.000114202
6.22665 0.000115395
6.23441 0.000156403
6.2422 0.000130415
6.25 0.000170946
6.25782 7.62939e-05
6.26566 0.000102997
6.27353 0.000129938
6.28141 0.000233173
6.28931 0.000181675
6.29723 0.000102282
6.30517 0.000107527
6.31313 9.94206e-05
6.32111 0.000154018
6.32911 0.000102758
6.33714 9.05991e-05
6.34518 4.33922e-05
6.35324 0.000111103
6.36132 0.000126839
6.36943 1.90735e-05
6.37755 9.58443e-05
6.3857 0.000110388
6.39386 0.000102758
6.40205 0.000177622
6.41026 0.000197649
6.41849 0.000773668
6.42674 0.000145912
6.43501 7.65324e-05
6.4433 6.60419e-05
6.45161 0.000141621
6.45995 0.000153303
6.46831 0.000228167
6.47668 0.000296354
6.48508 0.000208616
6.49351 0.000417709
6.50195 0.00014329
6.51042 4.41074e-05
6.5189 0.000171661
6.52742 4.31538e-05
6.53595 0.00017333
6.5445 0.000142813
6.55308 0.000213146
6.56168 0.000175476
6.5703 0.000324965
6.57895 0.000101566
6.58762 0.000211477
6.59631 0.000144005
6.60502 0.000193119
6.61376 6.91414e-05
6.62252 2.3365e-05
6.6313 0.000410795
6.64011 0.000435591
6.64894 7.41482e-05
6.65779 9.98974e-05
6.66667 0.000188112
6.67557 0.000291824
6.68449 0.000214577
6.69344 0.000207424
6.70241 0.00022006
6.71141 0.000306606
6.72043 0.000362158
6.72948 0.000243425
6.73854 0.000224352
6.74764 0.000247002
6.75676 0.000144958
6.7659 6.93798e-05
6.77507 0.00016427
6.78426 0.000146151
6.79348 7.05719e-05
6.80272 0.000184059
6.81199 9.01222e-05
6.82128 0.000249386
6.8306 7.82013e-05
6.83995 0.000163555
6.84932 6.07967e-05
6.85871 0.000300884
6.86813 0.000192165
6.87758 0.000220537
6.88705 0.00010848
6.89655 9.63211e-05
6.90608 0.000128508
6.91563 0.000117302
6.92521 9.36985e-05
6.93481 0.000106096
6.94444 0.000142813
6.9541 8.32081e-05
6.96379 0.00016427
6.9735 0.000189304
6.98324 0.000133514
6.99301 6.55651e-05
7.0028 3.8147e-05
7.01262 8.36849e-05
7.02247 0.000175238
7.03235 0.000144005
7.04225 0.000282049
7.05219 0.000157833
7.06215 9.72748e-05
7.07214 4.41074e-05
7.08215 3.69549e-05
7.0922 0.000147819
7.10227 4.88758e-05
7.11238 3.98159e-05
7.12251 0.000127316
7.13267 0.000104189
7.14286 6.84261e-05
7.15308 9.65595e-05
7.16332 0.000147819
7.1736 0.000147343
7.18391 0.000109196
7.19424 7.86781e-05
7.20461 0.000120401
7.21501 0.000230074
7.22543 0.0001719
7.23589 9.34601e-05
7.24638 0.000187397
7.25689 0.000240803
7.26744 0.000270844
7.27802 0.000197411
7.28863 8.13007e-05
7.29927 3.00407e-05
7.30994 0.000101328
7.32064 7.77245e-05
7.33138 0.000100374
7.34214 6.69956e-05
7.35294 6.65188e-05
7.36377 9.20296e-05
7.37463 0.00010252
7.38552 0.000111103
7.39645 0.000157595
7.40741 9.39369e-05
7.4184 3.0756e-05
7.42942 4.55379e-05
7.44048 0.000106335
7.45156 8.13007e-05
7.46269 0.000107288
7.47384 7.43866e-05
7.48503 8.44002e-05
7.49625 0.000250101
7.50751 8.01086e-05
7.5188 5.05447e-05
7.53012 6.79493e-05
7.54148 5.05447e-05
7.55287 0.000173807
7.5643 0.000197649
7.57576 0.00012207
7.58725 9.5129e-05
7.59878 0.000117064
7.61035 0.00016737
7.62195 0.000108004
7.63359 6.53267e-05
7.64526 0.00015378
7.65697 3.26633e-05
7.66871 0.000100136
7.68049 0.000148773
7.69231 0.000147343
7.70416 0.000234127
7.71605 0.0001297
7.72798 0.000135422
7.73994 8.74996e-05
7.75194 0.000117779
7.76398 7.4625e-05
7.77605 9.56058e-05
7.78816 8.05855e-05
7.80031 0.000176668
7.8125 0.00015974
7.82473 4.3869e-05
7.83699 0.000198603
7.84929 3.86238e-05
7.86164 0.000146866
7.87402 0.0003016
7.88644 7.48634e-05
7.89889 6.67572e-05
7.91139 0.000107527
7.92393 9.2268e-05
7.93651 3.76701e-05
7.94913 0.000140429
7.96178 0.000159979
7.97448 1.93119e-05
7.98722 1.43051e-05
8 0.000223875
8.01282 0.000128031
8.02568 9.799e-05
8.03859 0.000148058
8.05153 0.000135183
8.06452 2.09808e-05
8.07754 5.4121e-05
8.09061 0.000169754
8.10373 9.27448e-05
8.11688 0.000137091
8.13008 0.000103951
8.14332 0.000135422
8.15661 5.36442e-05
8.16993 0.000213861
8.18331 0.000195026
8.19672 0.000119209
8.21018 6.19888e-05
8.22368 6.41346e-05
8.23723 0.000140667
8.25083 0.000180006
8.26446 0.000147581
8.27815 7.36713e-05
8.29187 0.000184059
8.30565 8.98838e-05
8.31947 0.000163794
8.33333 0.00022459
8.34725 7.20024e-05
8.3612 4.74453e-05
8.37521 0.000105143
8.38926 9.94206e-05
8.40336 6.84261e-05
8.41751 0.000179052
8.4317 0.000206232
8.44595 2.26498e-05
8.46024 8.58307e-05
8.47458 0.000146389
8.48896 0.000193596
8.5034 6.84261e-05
8.51789 0.000172854
8.53242 7.41482e-05
8.54701 6.55651e-05
8.56164 0.000113487
8.57633 0.000128985
8.59107 0.000123262
8.60585 0.000166655
8.62069 0.000166655
8.63558 5.48363e-05
8.65052 3.17097e-05
8.66551 0.000113726
8.68056 0.000113726
8.69565 7.22408e-05
8.7108 0.00014472
8.726 0.000187635
8.74126 0.000136852
8.75657 0.00014019
8.77193 6.7234e-05
8.78735 7.96318e-05
8.80282 0.00018692
8.81834 4.41074e-05
8.83392 0.00014019
8.84956 5.48363e-05
8.86525 0.000364065
8.88099 4.8399e-05
8.8968 9.82284e-05
8.91266 6.27041e-05
8.92857 7.34329e-05
8.94454 0.000344753
8.96057 0.000407696
8.97666 0.000306368
8.99281 0.000131607
9.00901 0.000132322
9.02527 0.00015974
9.04159 9.03606e-05
9.05797 0.00011301
9.07441 0.000162602
9.09091 0.000157118
9.10747 0.00015974
9.12409 0.000310421
9.14077 0.000194788
9.15751 6.19888e-06
9.17431 0.000121832
9.19118 0.000224352
9.2081 0.000154257
9.22509 0.000290394
9.24214 1.90735e-06
9.25926 0.000132084
9.27644 0.00024724
9.29368 6.46114e-05
9.31099 0.000109196
9.32836 0.00015235
9.34579 0.0001297
9.3633 0.00014329
9.38086 7.79629e-05
9.3985 0.000150919
9.4162 0.000203133
9.43396 0.000238895
9.4518 4.07696e-05
9.4697 0.000107288
9.48767 0.000100613
9.5057 0.000235796
9.52381 0.000206471
9.54198 0.000322342
9.56023 0.000186443
9.57854 0.000240326
9.59693 0.000160694
9.61538 0.000238419
9.63391 0.000187635
9.65251 7.51019e-05
9.67118 0.000223637
9.68992 0.000102043
9.70874 8.72612e-05
9.72763 0.000162602
9.74659 0.000379324
9.76562 0.000412464
9.78474 0.000104189
9.80392 0.00022006
9.82318 0.000333548
9.84252 6.31809e-05
9.86193 0.000193596
9.88142 0.00013423
9.90099 0.000216484
9.92063 0.000145435
9.94036 0.000137567
9.96016 0.000165701
9.98004 0.000221968
10 0.000187874
10.02 0.000185966
10.0402 0.000177145
10.0604 8.7738e-05
10.0806 0.000220537
10.101 0.000121355
10.1215 5.34058e-05
10.142 0.000169992
10.1626 4.86374e-05
10.1833 0.000217199
10.2041 5.62668e-05
10.2249 0.000212908
10.2459 0.000201941
10.2669 0.000135422
10.2881 0.000359535
10.3093 3.88622e-05
10.3306 6.67572e-05
10.352 0.000120401
10.3734 0.00019002
10.395 9.82284e-05
10.4167 0.000169754
10.4384 0.000257254
10.4603 0.000236273
10.4822 2.64645e-05
10.5042 0.00017643
10.5263 0.000157833
10.5485 0.000132322
10.5708 0.000349998
10.5932 0.000452519
10.6157 0.000147104
10.6383 0.000195265
10.661 0.000179052
10.6838 8.91685e-05
10.7066 0.000157118
10.7296 0.0003016
10.7527 0.000298262
10.7759 9.39369e-05
10.7991 0.000313759
10.8225 0.0003016
10.846 0.000257969
10.8696 9.84669e-05
10.8932 0.000262976
10.917 0.000341892
10.9409 0.000421286
10.9649 0.000367641
10.989 0.000333071
11.0132 0.000259399
11.0375 0.000216961
11.0619 0.00016737
11.0865 0.000275135
11.1111 0.000341892
11.1359 0.000280857
11.1607 7.77245e-05
11.1857 0.000174522
11.2108 0.000208378
11.236 0.000157833
11.2613 0.000256062
11.2867 0.00023365
11.3122 0.000264645
11.3379 0.000229835
11.3636 7.27177e-05
11.3895 8.74996e-05
11.4155 0.000316381
11.4416 0.000141144
11.4679 0.000301361
11.4943 0.00023818
11.5207 0.000211477
11.5473 0.00028491
11.5741 0.00052166
11.6009 0.000316143
11.6279 0.000296593
11.655 9.9659e-05
11.6822 0.00027585
11.7096 6.48499e-05
11.7371 0.000192642
11.7647 0.000298977
11.7925 0.000372171
11.8203 0.00038147
11.8483 0.000434637
11.8765 0.000480413
11.9048 0.000179768
11.9332 0.000102997
11.9617 0.000241995
11.9904 0.000480175
12.0192 0.000365734
12.0482 0.000441551
12.0773 0.000248194
12.1065 0.000127554
12.1359 0.00043869
12.1655 0.000175714
12.1951 0.000216723
12.2249 0.000346422
12.2549 0.000133991
12.285 0.000683784
12.3153 0.000383377
12.3457 0.000957727
12.3762 0.000346661
12.4069 0.000445843
12.4378 0.000489473
12.4688 0.000148773
12.5 0.000147819
12.5313 0.000495911
12.5628 0.000251055
12.5945 0.000198603
12.6263 0.000346184
12.6582 0.000267983
12.6904 0.000333548
12.7226 0.000285387
12.7551 0.000540256
12.7877 0.000501156
12.8205 0.000291824
12.8535 0.000263214
12.8866 0.000410318
12.9199 0.00027585
12.9534 0.000207186
12.987 0.000272751
13.0208 0.000259876
13.0548 0.000643253
13.089 0.000350475
13.1234 0.000302076
13.1579 0.000492811
13.1926 0.00024271
13.2275 0.000544548
13.2626 0.000478744
13.2979 0.000333309
13.3333 0.00042963
13.369 0.000345945
13.4048 0.000433922
13.4409 0.000637531
13.4771 0.000337601
13.5135 0.000368595
13.5501 0.000404596
13.587 0.000346184
13.624 0.000139237
13.6612 0.00027132
13.6986 0.000281334
13.7363 0.000261307
13.7741 0.00071907
13.8122 0.000825167
13.8504 0.000413895
13.8889 0.000324011
13.9276 0.000248909
13.9665 0.000427008
14.0056 0.000565767
14.0449 0.000225067
14.0845 0.00015235
14.1243 0.00028491
14.1643 0.000270367
14.2045 0.000288725
14.245 0.000441074
14.2857 0.000342131
14.3266 0.000138521
14.3678 0.000349522
14.4092 0.000868082
14.4509 0.000407934
14.4928 0.000370741
14.5349 0.000316143
14.5773 0.000538349
14.6199 0.000149965
14.6628 0.00028944
14.7059 0.00024271
14.7493 0.000511885
14.7929 0.00088644
14.8368 0.00044179
14.881 0.000132561
14.9254 0.000790358
14.9701 0.00165749
15.015 0.000248432
15.0602 0.000196218
15.1057 0.00025773
15.1515 0.000169516
15.1976 0.00035429
15.2439 0.000584841
15.2905 0.000233173
15.3374 0.000675201
15.3846 0.000919342
15.4321 0.000997066
15.4799 0.00094533
15.528 0.000314712
15.5763 0.000521183
15.625 0.000539303
15.674 0.000697136
15.7233 0.000389099
15.7729 0.000411511
15.8228 0.000794411
15.873 0.000492096
15.9236 0.000948906
15.9744 0.00103855
16.0256 0.000846386
16.0772 0.000514031
16.129 0.000299215
16.1812 0.000509977
16.2338 0.000413179
16.2866 0.000580311
16.3399 0.000752211
16.3934 0.000276566
16.4474 0.000624657
16.5017 0.000918627
16.5563 0.000383139
16.6113 0.000938892
16.6667 0.000319958
16.7224 0.000890493
16.7785 0.0003016
16.835 0.0008986
16.8919 0.000978947
16.9492 0.000744581
17.0068 0.000838757
17.0648 0.000335693
17.1233 0.000290394
17.1821 0.000449181
17.2414 0.000454187
17.301 0.000730276
17.3611 0.000980854
17.4216 0.00043416
17.4825 0.000906467
17.5439 0.000694275
17.6056 0.000560522
17.6678 0.00026226
17.7305 0.000163555
17.7936 0.000496626
17.8571 0.000488997
17.9211 0.000709057
17.9856 0.000705957
18.0505 0.000504017
18.1159 0.000781059
18.1818 0.000917196
18.2482 0.000940323
18.315 0.000526428
18.3824 0.000255346
18.4502 0.000688076
18.5185 0.00062561
18.5874 0.00059247
18.6567 0.000385284
18.7266 0.0013001
18.797 0.000946283
18.8679 0.000889063
18.9394 0.00111175
19.0114 0.00136304
19.084 0.00135136
19.1571 0.000161886
19.2308 0.000897884
19.305 0.00160217
19.3798 0.000833035
19.4553 0.00068903
19.5312 0.000605583
19.6078 0.000532627
19.685 0.00101685
19.7628 0.000671148
19.8413 0.000411272
19.9203 0.00130653
20 0.000761747
20.0803 0.000590563
20.1613 0.000278473
20.2429 0.0010457
20.3252 0.000778437
20.4082 0.000581741
20.4918 0.000635147
20.5761 0.00119734
20.6612 0.000316143
20.7469 0.00185227
20.8333 0.00019145
20.9205 0.00145149
21.0084 0.00142622
21.097 0.0019865
21.1864 0.0032866
21.2766 0.000277758
21.3675 0.000859499
21.4592 0.00107837
21.5517 0.00194144
21.645 0.000879288
21.7391 0.00114703
21.8341 0.00173116
21.9298 0.00245953
22.0264 0.000965357
22.1239 0.000881195
22.2222 0.000812769
22.3214 0.00165796
22.4215 0.00151038
22.5225 0.00509047
22.6244 0.00238419
22.7273 0.00269294
22.8311 0.00354862
22.9358 0.0019629
23.0415 0.00260568
23.1481 0.00376415
23.2558 0.00601602
23.3645 0.000829697
23.4742 0.0017879
23.5849 0.00796485
23.6967 0.00557208
23.8095 0.00499892
23.9234 0.0117929
24.0385 0.00479078
24.1546 0.00404382
24.2718 0.00478244
24.3902 0.00434923
24.5098 0.00289726
24.6305 0.00668335
24.7525 0.0129828
24.8756 0.0117843
25 0.00674391
25.1256 0.00852632
25.2525 0.0137937
25.3807 0.020448
25.5102 0.00814629
25.641 0.0212593
25.7732 0.00652289
25.9067 0.00863767
26.0417 0.0179892
26.178 0.037195
26.3158 0.0162475
26.455 0.0300786
26.5957 0.0115829
26.738 0.0484974
