1.28205 0.00169587
1.28238 0.00140881
1.28271 0.00040102
1.28304 0.00240684
1.28337 0.00182676
1.2837 0.00196743
1.28403 0.000874043
1.28436 0.00133395
1.28469 0.00204992
1.28502 0.00156164
1.28535 0.00116777
1.28568 0.00221562
1.28601 0.00141001
1.28634 0.00177193
1.28667 0.00125957
1.287 0.000865221
1.28733 0.000564575
1.28766 0.00177169
1.288 0.00111675
1.28833 0.00184298
1.28866 0.00197339
1.28899 0.00161219
1.28932 0.0022254
1.28966 0.00163603
1.28999 0.00179124
1.29032 0.00121379
1.29066 0.000746489
1.29099 0.00174952
1.29132 0.0013988
1.29166 0.00210786
1.29199 0.000818014
1.29232 0.0010345
1.29266 0.00116897
1.29299 0.00189328
1.29333 0.00140929
1.29366 0.000942945
1.294 0.00162935
1.29433 0.00118113
1.29467 0.00185895
1.295 0.00249076
1.29534 0.0011785
1.29567 0.00189853
1.29601 0.00190616
1.29634 0.00240946
1.29668 0.0021534
1.29702 0.00196743
1.29735 0.0022521
1.29769 0.00101209
1.29803 0.00327206
1.29836 0.00158644
1.2987 0.00160861
1.29904 0.00206995
1.29938 0.00265694
1.29971 0.00116324
1.30005 0.00141335
1.30039 0.000556946
1.30073 0.00172353
1.30107 0.00222444
1.30141 0.000839949
1.30174 0.000576019
1.30208 0.00141883
1.30242 0.00171614
1.30276 0.0011797
1.3031 0.00125432
1.30344 0.00276017
1.30378 0.000952244
1.30412 0.00100064
1.30446 0.00162625
1.3048 0.00186944
1.30514 0.00194979
1.30548 0.0013907
1.30582 0.00189924
1.30617 0.000645638
1.30651 0.00188804
1.30685 0.00236225
1.30719 0.00227761
1.30753 0.000859499
1.30787 0.000341892
1.30822 0.00213718
1.30856 0.000539303
1.3089 0.00118017
1.30924 0.00133848
1.30959 0.00144815
1.30993 0.00113296
1.31027 0.00135708
1.31062 0.0012753
1.31096 0.000876427
1.3113 0.00219131
1.31165 0.00142002
1.31199 0.000308275
1.31234 0.0013659
1.31268 0.00244808
1.31303 0.00208879
1.31337 0.00116777
1.31372 0.00136042
1.31406 0.00177765
1.31441 0.00156307
1.31475 0.00151253
1.3151 0.00128984
1.31544 0.00281143
1.31579 0.00229311
1.31614 0.000789642
1.31648 0.00216579
1.31683 0.00128603
1.31718 0.000536442
1.31752 0.00184655
1.31787 0.00340056
1.31822 0.00126338
1.31857 0.000455141
1.31891 0.00248885
1.31926 0.00116992
1.31961 0.00102568
1.31996 0.000486135
1.32031 0.00146627
1.32066 0.00133514
1.321 0.00197744
1.32135 0.00139141
1.3217 0.00198126
1.32205 0.00178385
1.3224 0.00181651
1.32275 0.00252366
1.3231 0.00130534
1.32345 0.0011661
1.3238 0.000538111
1.32415 0.000496387
1.3245 0.000795364
1.32485 0.00185466
1.32521 0.00203037
1.32556 0.00145912
1.32591 0.000817776
1.32626 0.00240302
1.32661 0.00192165
1.32696 0.00212908
1.32732 0.000531673
1.32767 0.00111318
1.32802 0.00118184
1.32837 0.00083971
1.32873 0.000546694
1.32908 0.00123405
1.32943 0.00161028
1.32979 0.00310302
1.33014 0.00182676
1.33049 0.00119281
1.33085 0.00205278
1.3312 0.00198007
1.33156 0.00186157
1.33191 0.000747204
1.33227 0.00173688
1.33262 0.00245595
1.33298 0.00134468
1.33333 0.00163269
1.33369 0.00139832
1.33404 0.000666618
1.3344 0.001194
1.33476 0.00066638
1.33511 0.00203943
1.33547 0.00246954
1.33583 0.000719786
1.33618 0.000497818
1.33654 0.00155067
1.3369 0.000857115
1.33726 0.00141287
1.33761 0.00156808
1.33797 0.00116038
1.33833 0.00262666
1.33869 6.19888e-05
1.33905 0.000554323
1.33941 0.000823259
1.33976 0.00225162
1.34012 0.00061059
1.34048 0.00097847
1.34084 0.000932932
1.3412 0.00271106
1.34156 0.00151753
1.34192 0.000652313
1.34228 0.000979185
1.34264 0.00180173
1.343 0.00110507
1.34336 0.00150919
1.34372 0.00226879
1.34409 0.00231957
1.34445 0.00149632
1.34481 0.00117087
1.34517 0.00115609
1.34553 0.00155234
1.3459 0.00137639
1.34626 0.00137472
1.34662 0.0019455
1.34698 0.00103474
1.34735 0.000795841
1.34771 0.00246191
1.34807 0.000890017
1.34844 0.00225043
1.3488 0.00272584
1.34916 0.00216222
1.34953 0.00139952
1.34989 0.00155497
1.35026 0.00100946
1.35062 0.00142503
1.35099 0.000832319
1.35135 0.00095892
1.35172 0.00115109
1.35208 3.83854e-05
1.35245 0.000546455
1.35281 0.00101757
1.35318 0.00168943
1.35355 0.00207663
1.35391 0.00168323
1.35428 0.00156212
1.35465 0.00081563
1.35501 0.000489473
1.35538 0.000592947
1.35575 0.000504255
1.35612 0.000137091
1.35648 0.00198627
1.35685 0.00130057
1.35722 0.00111461
1.35759 0.00174665
1.35796 0.000305176
1.35833 0.000684261
1.3587 0.000638008
1.35906 0.000696421
1.35943 0.00159144
1.3598 0.000264645
1.36017 0.00210261
1.36054 0.00104284
1.36091 0.000489712
1.36129 0.000510931
1.36166 0.00116658
1.36203 0.00186753
1.3624 0.00221705
1.36277 0.00234175
1.36314 0.00146508
1.36351 0.000184536
1.36388 0.000858545
1.36426 0.00138688
1.36463 0.000824213
1.365 0.00132465
1.36537 0.00186324
1.36575 0.00197983
1.36612 0.00084734
1.36649 0.00152755
1.36687 0.000587702
1.36724 0.00170517
1.36761 0.00133133
1.36799 0.000686169
1.36836 0.00223017
1.36874 0.00241303
1.36911 0.000789642
1.36949 0.00166011
1.36986 0.00119329
1.37024 0.000760317
1.37061 0.00116968
1.37099 0.00077796
1.37137 0.00121498
1.37174 0.00163054
1.37212 0.0011425
1.3725 0.000165224
1.37287 0.000955582
1.37325 0.00148797
1.37363 0.00116515
1.374 0.000489473
1.37438 0.0011878
1.37476 0.000799894
1.37514 0.000728846
1.37552 0.000487566
1.37589 0.000828505
1.37627 0.000966072
1.37665 0.000990152
1.37703 0.00130653
1.37741 0.000540495
1.37779 0.00129056
1.37817 0.00102448
1.37855 0.00143266
1.37893 0.000938654
1.37931 0.000738382
1.37969 0.00111747
1.38007 0.00198388
1.38045 0.000423193
1.38083 0.000532866
1.38122 0.00133729
1.3816 0.00156426
1.38198 0.0014689
1.38236 0.00272655
1.38274 0.00187707
1.38313 -0.000229597
1.38351 0.00122309
1.38389 0.00222802
1.38427 0.00258422
1.38466 0.00083375
1.38504 0.00167704
1.38543 0.00117898
1.38581 0.000705719
1.38619 0.00144839
1.38658 0.00082469
1.38696 0.000817537
1.38735 0.00105452
1.38773 0.00070858
1.38812 0.00118947
1.3885 0.00136471
1.38889 0.00202417
1.38927 0.000338793
1.38966 0.000368118
1.39005 0.000517845
1.39043 0.00122094
1.39082 0.00168371
1.39121 0.000621319
1.39159 0.00111055
1.39198 0.00189591
1.39237 0.000636816
1.39276 0.00110364
1.39315 0.00164628
1.39353 0.00107551
1.39392 0.00191164
1.39431 0.00192595
1.3947 0.00177073
1.39509 0.00244498
1.39548 0.000886917
1.39587 0.000514507
1.39626 0.00155353
1.39665 0.00114632
1.39704 0.000929117
1.39743 0.000939369
1.39782 0.000718594
1.39821 0.00171232
1.3986 0.000669956
1.39899 0.00210857
1.39938 0.000645399
1.39978 0.00203061
1.40017 0.000899315
1.40056 0.00179076
1.40095 0.000977039
1.40135 0.00230241
1.40174 0.000545979
1.40213 0.000870705
1.40252 0.000413179
1.40292 0.000789642
1.40331 0.000655413
1.40371 0.000551939
1.4041 0.00104356
1.40449 0.00134611
1.40489 0.00192141
1.40528 0.00187492
1.40568 0.00126171
1.40607 0.000916004
1.40647 0.000536919
1.40687 0.000272989
1.40726 0.000107765
1.40766 0.00124121
1.40805 0.000452042
1.40845 0.0011611
1.40885 0.000481129
1.40924 0.00136948
1.40964 0.000969648
1.41004 0.0022738
1.41044 0.00159955
1.41084 0.00145245
1.41123 0.00118327
1.41163 0.00124383
1.41203 0.00186992
1.41243 0.000528574
1.41283 0.000905752
1.41323 0.0017941
1.41363 0.000903845
1.41403 0.000479221
1.41443 0.00104952
1.41483 0.00130177
1.41523 0.00126147
1.41563 0.00132108
1.41603 0.00027895
1.41643 0.00127363
1.41683 0.00111556
1.41723 0.000686646
1.41764 0.00191593
1.41804 0.000505924
1.41844 0.000669241
1.41884 0.000314951
1.41924 0.000705719
1.41965 0.000266552
1.42005 0.00115395
1.42045 0.000721455
1.42086 0.00130129
1.42126 0.000297308
1.42167 0.00135136
1.42207 0.00122881
1.42248 0.000665426
1.42288 0.000895977
1.42328 0.00108504
1.42369 0.00120068
1.4241 0.000949383
1.4245 0.00109124
1.42491 0.00072217
1.42531 0.000280619
1.42572 0.000468492
1.42613 0.000313044
1.42653 0.000527859
1.42694 0.000527144
1.42735 0.00161767
1.42776 0.00147915
1.42816 0.000487566
1.42857 0.000815392
1.42898 0.00151992
1.42939 0.00229549
1.4298 0.00073576
1.43021 0.0015099
1.43062 0.000843763
1.43102 0.00108361
1.43143 0.0019474
1.43184 0.000543356
1.43225 0.00108719
1.43266 0.000406504
1.43308 0.000459909
1.43349 0.000424862
1.4339 0.00105643
1.43431 0.00139832
1.43472 0.000656366
1.43513 0.000582457
1.43554 0.00103402
1.43596 0.000885248
1.43637 0.000206947
1.43678 0.000544071
1.43719 0.000715971
1.43761 0.000993013
1.43802 0.00116205
1.43843 0.00145841
1.43885 0.00197577
1.43926 0.00146937
1.43968 0.00203037
1.44009 0.00105166
1.44051 0.00199842
1.44092 0.000866175
1.44134 0.00109816
1.44175 0.000663757
1.44217 0.00108433
1.44259 0.000586987
1.443 0.000788212
1.44342 0.000869274
1.44383 0.0010488
1.44425 0.00204825
1.44467 0.00166511
1.44509 0.0003016
1.4455 0.000832319
1.44592 0.00039196
1.44634 0.000901222
1.44676 0.00117612
1.44718 0.000360966
1.4476 0.00106931
1.44802 0.00173879
1.44844 0.000753403
1.44886 0.000761509
1.44928 0.000341654
1.4497 0.000683308
1.45012 0.00158548
1.45054 0.00170779
1.45096 0.00112319
1.45138 0.000252247
1.4518 0.000838757
1.45222 0.00106645
1.45264 0.00125408
1.45307 9.70364e-05
1.45349 0.0016005
1.45391 0.000406742
1.45433 0.000436783
1.45476 0.00110245
1.45518 0.000664949
1.4556 0.000156879
1.45603 0.000570536
1.45645 0.000871658
1.45688 0.000813961
1.4573 0.000828266
1.45773 0.000701904
1.45815 0.00102067
1.45858 0.00115991
1.459 0.000653267
1.45943 0.000860453
1.45985 0.00119948
1.46028 0.00132847
1.46071 0.000446558
1.46113 0.00129223
1.46156 0.001688
1.46199 0.00112343
1.46242 0.000771284
1.46284 0.000388622
1.46327 0.00164342
1.4637 0.000966549
1.46413 0.000269175
1.46456 0.000855446
1.46499 0.00066042
1.46542 0.0008564
1.46585 0.00111127
1.46628 0.00105357
1.46671 0.00126267
1.46714 0.000489712
1.46757 0.000339031
1.468 0.00096488
1.46843 0.000736952
1.46886 0.00115967
1.46929 0.00146365
1.46972 0.000938415
1.47016 0.0008986
1.47059 0.0012753
1.47102 0.00102997
1.47145 0.000996828
1.47189 0.000276804
1.47232 0.000800371
1.47275 0.000725985
1.47319 0.00102735
1.47362 0.00174713
1.47406 0.00130701
1.47449 0.000969887
1.47493 0.00157881
1.47536 0.000699282
1.4758 0.000783443
1.47623 0.000655651
1.47667 0.000417233
1.4771 0.00105977
1.47754 0.000491619
1.47798 0.000405312
1.47842 0.00154638
1.47885 0.000691414
1.47929 0.001086
1.47973 0.000749588
1.48017 0.000666857
1.4806 0.000522137
1.48104 0.000899792
1.48148 0.00137281
1.48192 0.000372648
1.48236 0.000968218
1.4828 0.00129867
1.48324 0.000100374
1.48368 0.00114083
1.48412 0.00148439
1.48456 0.00120783
1.485 0.00137591
1.48544 0.00126529
1.48588 0.000950575
1.48633 0.00044322
1.48677 0.000479221
1.48721 0.00043273
1.48765 0.00122285
1.4881 0.000265122
1.48854 0.000874043
1.48898 0.000905037
1.48943 0.000688553
1.48987 0.000901699
1.49031 0.00110412
1.49076 0.000591517
1.4912 0.000707626
1.49165 0.00127435
1.49209 0.0010767
1.49254 0.000804901
1.49298 0.00120497
1.49343 0.000732422
1.49388 0.000449419
1.49432 0.000897884
1.49477 0.000711918
1.49522 0.00103879
1.49566 0.000831127
1.49611 0.00085783
1.49656 0.000555277
1.49701 0.000719309
1.49745 0.000500679
1.4979 0.0005126
1.49835 0.00107217
1.4988 0.000351191
1.49925 0.000613689
1.4997 0.000859976
1.50015 0.000237465
1.5006 0.000836134
1.50105 0.000740528
1.5015 0.000679016
1.50195 0.00111628
1.5024 0.00160813
1.50286 0.00088048
1.50331 0.00125241
1.50376 0.000443697
1.50421 0.00160027
1.50466 0.000268221
1.50512 0.000165701
1.50557 0.000801325
1.50602 0.000720501
1.50648 0.000690222
1.50693 0.0011549
1.50739 0.000944614
1.50784 0.00103307
1.5083 0.00057292
1.50875 0.000512123
1.50921 0.000751495
1.50966 0.000490665
1.51012 0.00129747
1.51057 0.00141287
1.51103 0.000846863
1.51149 0.000854492
1.51194 0.00241995
1.5124 0.00208664
1.51286 0.00274134
1.51332 0.00212407
1.51378 0.00293636
1.51423 0.00221825
1.51469 0.00318098
1.51515 0.00334859
1.51561 0.00368333
1.51607 0.00500679
1.51653 0.00412536
1.51699 0.00468016
1.51745 0.00525808
1.51791 0.00559712
1.51837 0.00565314
1.51883 0.00563788
1.5193 0.00620723
1.51976 0.00626135
1.52022 0.00597143
1.52068 0.00660968
1.52114 0.00735855
1.52161 0.00801587
1.52207 0.00747824
1.52253 0.00799298
1.523 0.00790429
1.52346 0.00826907
1.52393 0.00830102
1.52439 0.00783682
1.52486 0.0084672
1.52532 0.00855517
1.52579 0.00838351
1.52625 0.00816321
1.52672 0.00907493
1.52718 0.00826812
1.52765 0.00805092
1.52812 0.00734234
1.52858 0.00884652
1.52905 0.0086565
1.52952 0.00908113
1.52999 0.00877214
1.53046 0.00856471
1.53092 0.00820589
1.53139 0.008425
1.53186 0.0082686
1.53233 0.00759482
1.5328 0.00798702
1.53327 0.00763941
1.53374 0.00648069
1.53421 0.0061748
1.53468 0.00605082
1.53516 0.00557876
1.53563 0.00599074
1.5361 0.00514722
1.53657 0.00576377
1.53704 0.0039227
1.53752 0.00416708
1.53799 0.00388002
1.53846 0.00427437
1.53894 0.00400448
1.53941 0.00252342
1.53988 0.00307155
1.54036 0.00394845
1.54083 0.00301909
1.54131 0.0027163
1.54178 0.00223446
1.54226 0.00229382
1.54273 0.00149536
1.54321 0.00195861
1.54369 0.00235939
1.54416 0.00154686
1.54464 0.00146246
1.54512 0.00086689
1.5456 0.00136781
1.54607 0.00118709
1.54655 0.00104332
1.54703 0.000863075
1.54751 0.0011096
1.54799 0.00144005
1.54847 0.000459909
1.54895 0.000813723
1.54943 0.00137162
1.54991 0.00059247
1.55039 0.000379085
1.55087 0.000523329
1.55135 0.00106287
1.55183 0.000192881
1.55231 0.00108123
1.5528 0.0013876
1.55328 0.000165939
1.55376 0.000429392
1.55424 0.000335455
1.55473 0.000500679
1.55521 0.000916958
1.55569 0.000920057
1.55618 0.000334024
1.55666 0.00130129
1.55715 0.00133133
1.55763 0.0016315
1.55812 0.00122356
1.5586 0.000612974
1.55909 0.0012672
1.55958 0.000642777
1.56006 0.000391722
1.56055 0.000466108
1.56104 0.000622511
1.56152 0.000446558
1.56201 0.000989675
1.5625 0.000781059
1.56299 0.000237703
1.56348 0.000526428
1.56397 0.000700951
1.56446 0.000893116
1.56495 0.00100756
1.56544 0.00109148
1.56593 0.0012989
1.56642 0.000451088
1.56691 0.000107288
1.5674 0.000217915
1.56789 0.000328541
1.56838 0.000626802
1.56887 0.000888348
1.56937 0.00042367
1.56986 0.000493288
1.57035 0.000713825
1.57085 0.000952244
1.57134 0.000753403
1.57183 0.000370979
1.57233 0.000337601
1.57282 0.000381708
1.57332 0.000494957
1.57381 0.000876427
1.57431 0.000803232
1.5748 0.000490904
1.5753 5.84126e-05
1.5758 0.0003438
1.57629 0.00147462
1.57679 0.000340223
1.57729 0.0007236
1.57778 0.000365019
1.57828 0.000438213
1.57878 0.000448465
1.57928 0.0010252
1.57978 0.00110102
1.58028 0.000302553
1.58078 0.000371695
1.58128 0.0012064
1.58178 0.00056839
1.58228 0.000331402
1.58278 0.000618219
1.58328 0.000498533
1.58378 0.000192642
1.58428 3.98159e-05
1.58479 0.000541687
1.58529 0.000581265
1.58579 0.00047946
1.58629 0.000704289
1.5868 0.000370264
1.5873 0.000522613
1.58781 0.000224829
1.58831 0.000605822
1.58881 0.00107121
1.58932 0.000550985
1.58983 0.000159502
1.59033 0.000804901
1.59084 0.00058341
1.59134 0.000362396
1.59185 0.000896931
1.59236 0.00124288
1.59286 0.00143123
1.59337 0.000499487
1.59388 0.00124192
1.59439 0.000300169
1.5949 0.000637293
1.59541 0.000441313
1.59591 0.00064373
1.59642 0.000397444
1.59693 0.000778437
1.59744 0.000380039
1.59795 0.000644207
1.59847 0.000770807
1.59898 0.000521183
1.59949 0.000336409
1.6 0.000929356
1.60051 0.000977039
1.60102 0.00116062
1.60154 0.00130248
1.60205 0.000503063
1.60256 0.000906229
1.60308 0.000644684
1.60359 0.000698566
1.60411 0.00109243
1.60462 0.00096035
1.60514 0.0006001
1.60565 0.000195503
1.60617 0.000868082
1.60668 0.000796795
1.6072 0.000195503
1.60772 0.00015235
1.60823 0.000738859
1.60875 0.000786543
1.60927 0.00080061
1.60979 0.00156259
1.61031 0.000645399
1.61082 0.000326634
1.61134 0.000380993
1.61186 0.000166893
1.61238 0.000736713
1.6129 0.000650883
1.61342 0.000854015
1.61394 0.00102592
1.61447 0.000965118
1.61499 0.000553131
1.61551 0.000360251
1.61603 0.000494719
1.61655 0.000837565
1.61708 0.00073576
1.6176 0.000528574
1.61812 0.000455618
1.61865 0.000259161
1.61917 0.000692844
1.6197 0.00082922
1.62022 0.000463247
1.62075 0.000146151
1.62127 0.0013659
1.6218 0.000431776
1.62232 0.00039506
1.62285 0.000644922
1.62338 0.00080967
1.6239 0.00149178
1.62443 0.00137472
1.62496 0.000249624
1.62549 0.000757217
1.62602 0.00151229
1.62655 0.000261068
1.62707 0.000825167
1.6276 0.00103927
1.62813 0.000563621
1.62866 0.000472069
1.6292 0.000394821
1.62973 0.000816345
1.63026 0.000521183
1.63079 0.000792265
1.63132 0.000355244
1.63185 0.000730276
1.63239 0.000336885
1.63292 0.000356913
1.63345 0.000619888
1.63399 0.000848293
1.63452 0.000412703
1.63506 0.000734806
1.63559 0.000540018
1.63613 0.000739098
1.63666 0.000914097
1.6372 0.00087142
1.63773 0.000650883
1.63827 0.000682354
1.63881 0.00111008
1.63934 0.000981092
1.63988 0.000590086
1.64042 0.000530481
1.64096 0.00045538
1.6415 0.000855207
1.64204 0.000935793
1.64258 0.000597
1.64312 0.00113463
1.64366 0.0012486
1.6442 0.000193357
1.64474 0.000989675
1.64528 0.000794887
1.64582 0.000677347
1.64636 0.000560284
1.6469 0.00033927
1.64745 0.000458956
1.64799 0.000660896
1.64853 0.000275612
1.64908 0.000719309
1.64962 0.00103736
1.65017 0.000763655
1.65071 0.00103545
1.65125 0.00102878
1.6518 0.000324488
1.65235 0.00126314
1.65289 0.000351906
1.65344 0.000534534
1.65399 0.000430584
1.65453 0.000613213
1.65508 0.000532866
1.65563 0.000361919
1.65618 0.00033927
1.65673 0.00101662
1.65728 0.000340462
1.65782 0.000242948
1.65837 0.000365257
1.65893 0.000550985
1.65948 0.000346661
1.66003 0.00043416
1.66058 0.000718594
1.66113 0.000844002
1.66168 0.000589848
1.66223 0.0010314
1.66279 0.00120592
1.66334 0.00164676
1.66389 0.000434637
1.66445 0.00120783
1.665 0.00110221
1.66556 0.00110626
1.66611 0.000683784
1.66667 0.000698805
1.66722 0.00109839
1.66778 0.000157833
1.66834 0.000368834
1.66889 0.00109744
1.66945 0.000956059
1.67001 0.000539064
1.67056 0.000363588
1.67112 0.00074029
1.67168 0.000664711
1.67224 0.000423431
1.6728 0.00063014
1.67336 0.000487328
1.67392 0.000720501
1.67448 0.000493526
1.67504 0.000586987
1.6756 0.000590801
1.67616 0.000221491
1.67673 0.000786304
1.67729 0.000847578
1.67785 0.000436783
1.67842 0.00107956
1.67898 0.000759125
1.67954 0.00153279
1.68011 0.000529766
1.68067 0.000553131
1.68124 0.00137305
1.6818 0.00200558
1.68237 0.000817299
1.68294 0.00121164
1.6835 0.000374079
1.68407 0.00133705
1.68464 0.00163674
1.6852 0.000910044
1.68577 0.000917196
1.68634 0.00127649
1.68691 0.000715971
1.68748 0.000902176
1.68805 0.000676394
1.68862 0.000435591
1.68919 0.0008564
1.68976 0.000597238
1.69033 0.000462055
1.6909 0.000933647
1.69147 0.00143528
1.69205 0.00107694
1.69262 0.000718117
1.69319 0.00142384
1.69377 0.00105238
1.69434 0.00119782
1.69492 0.000154257
1.69549 0.000648737
1.69607 0.00210547
1.69664 0.000644207
1.69722 0.000500917
1.69779 0.00100613
1.69837 0.000244617
1.69895 0.000934124
1.69952 0.00175619
1.7001 0.000479221
1.70068 0.000541687
1.70126 0.000810385
1.70184 0.000549793
1.70242 9.29833e-06
1.703 0.000883341
1.70358 0.00080657
1.70416 0.00081253
1.70474 0.00100255
1.70532 0.000310659
1.7059 0.000350714
1.70648 0.000999928
1.70707 0.00042057
1.70765 0.000798225
1.70823 0.00120187
1.70882 0.0013926
1.7094 0.000911474
1.70999 0.000759125
1.71057 0.00144076
1.71116 0.00114942
1.71174 0.000164032
1.71233 0.00101638
1.71292 0.000299692
1.7135 0.00114036
1.71409 0.00132704
1.71468 0.000402927
1.71527 0.000576735
1.71585 0.000695467
1.71644 0.000351429
1.71703 0.000767469
1.71762 0.00141811
1.71821 0.001302
1.7188 0.000516892
1.71939 0.000841618
1.71999 0.00104046
1.72058 0.00138593
1.72117 0.00107503
1.72176 0.000874996
1.72236 5.26905e-05
1.72295 0.00159502
1.72354 0.000770807
1.72414 0.000899315
1.72473 0.00190902
1.72533 0.000891209
1.72592 0.00031209
1.72652 0.000614166
1.72712 0.000923395
1.72771 0.000669479
1.72831 0.00100136
1.72891 0.00121427
1.72951 0.00123668
1.7301 0.00083375
1.7307 0.000778437
1.7313 0.00121236
1.7319 0.00160027
1.7325 0.00080657
1.7331 0.000797987
1.7337 0.000216007
1.7343 0.000479221
1.73491 0.000617743
1.73551 0.000770569
1.73611 0.000675678
1.73671 0.000853777
1.73732 0.0014329
1.73792 0.00124502
1.73853 0.000708103
1.73913 0.000501394
1.73974 0.000865698
1.74034 0.00148082
1.74095 0.000832081
1.74155 0.00105762
1.74216 0.0010612
1.74277 0.000967979
1.74338 0.00169992
1.74398 0.00111055
1.74459 0.00213838
1.7452 0.00310421
1.74581 0.0017767
1.74642 0.00121355
1.74703 0.000693798
1.74764 0.000455618
1.74825 0.00213742
1.74886 0.00172901
1.74948 0.00111055
1.75009 0.00155902
1.7507 0.000444651
1.75131 0.00139022
1.75193 0.00302458
1.75254 0.00156832
1.75316 0.000516176
1.75377 0.00196648
1.75439 0.00140762
1.755 0.00026679
1.75562 0.00067544
1.75623 0.000872374
1.75685 0.000597
1.75747 0.000991345
1.75809 0.00155568
1.75871 0.00127077
1.75932 0.000208616
1.75994 0.000315189
1.76056 0.00229526
1.76118 0.00164318
1.7618 0.00194597
1.76243 0.000748634
1.76305 0.000928164
1.76367 0.00130224
1.76429 0.00137758
1.76491 0.00115013
1.76554 0.00108957
1.76616 0.00161385
1.76678 0.00138879
1.76741 0.00107694
1.76803 0.000833035
1.76866 0.000935316
1.76929 0.00156474
1.76991 0.00164318
1.77054 0.000407219
1.77117 0.0028224
1.77179 0.00184035
1.77242 0.00084877
1.77305 0.000824928
1.77368 0.00103355
1.77431 0.00271392
1.77494 0.00156784
1.77557 0.000762701
1.7762 0.00138974
1.77683 0.000938177
1.77746 0.000926018
1.77809 0.00078249
1.77873 0.000827551
1.77936 0.00145578
1.77999 0.00122356
1.78063 0.00106311
1.78126 0.000836134
1.7819 0.00123143
1.78253 0.00166845
1.78317 0.00117588
1.7838 0.00179529
1.78444 0.000610113
1.78508 0.000882387
1.78571 0.00158072
1.78635 0.000885487
1.78699 0.000740528
1.78763 0.00260854
1.78827 0.0014565
1.78891 0.000991583
1.78955 0.000165224
1.79019 0.00181317
1.79083 0.00207138
1.79147 0.0013504
1.79211 0.00060606
1.79276 0.00175691
1.7934 0.000617743
1.79404 0.00139427
1.79469 0.000691652
1.79533 0.000664711
1.79598 0.00201702
1.79662 0.00170708
1.79727 0.00167251
1.79791 0.00100088
1.79856 0.001338
1.79921 0.00107503
1.79986 0.00232506
1.8005 0.0013988
1.80115 0.00122428
1.8018 0.00151277
1.80245 0.0019486
1.8031 0.00222874
1.80375 0.0015409
1.8044 0.000435352
1.80505 0.00114083
1.80571 0.000959396
1.80636 0.0011394
1.80701 0.000656843
1.80766 0.00176549
1.80832 0.00204635
1.80897 0.00186968
1.80963 0.000901938
1.81028 0.00100779
1.81094 0.00176573
1.81159 0.00221229
1.81225 0.00219417
1.81291 0.000941038
1.81357 0.00314379
1.81422 0.00238657
1.81488 2.50339e-05
1.81554 0.00110841
1.8162 0.00130916
1.81686 0.000252724
1.81752 0.00182438
1.81818 0.00244045
1.81884 0.00174713
1.81951 0.00112343
1.82017 -2.64645e-05
1.82083 0.000668526
1.82149 0.000462532
1.82216 0.00117135
1.82282 0.000690937
1.82349 0.000263453
1.82415 0.00137019
1.82482 0.00105786
1.82548 0.00319052
1.82615 0.000852823
1.82682 0.000905991
1.82749 0.00196815
1.82815 0.0017612
1.82882 0.00275707
1.82949 0.00189924
1.83016 0.000778675
1.83083 0.00154042
1.8315 0.00182509
1.83217 0.0010457
1.83284 0.00265527
1.83352 0.000744581
1.83419 0.000615835
1.83486 0.00118136
1.83554 0.00155664
1.83621 0.00145793
1.83688 0.00134253
1.83756 0.00113606
1.83824 0.0031755
1.83891 0.00163674
1.83959 0.00302362
1.84026 0.00247621
1.84094 0.000537634
1.84162 0.000459671
1.8423 0.00177908
1.84298 0.00140095
1.84366 0.000886917
1.84434 0.00283575
1.84502 0.00365949
1.8457 0.00121641
1.84638 0.000912428
1.84706 0.00143123
1.84775 0.000535011
1.84843 0.0017643
1.84911 0.00235057
1.8498 0.00109148
1.85048 0.00212693
1.85117 0.0010221
1.85185 0.000914812
1.85254 0.00243473
1.85322 0.00153565
1.85391 0.000967503
1.8546 0.00134349
1.85529 0.00136471
1.85598 0.00127578
1.85667 0.00108218
1.85736 0.00147104
1.85805 0.00133944
1.85874 0.00104999
1.85943 0.000886917
1.86012 0.00124502
1.86081 0.00133991
1.8615 0.00283742
1.8622 0.00162911
1.86289 0.00131321
1.86359 0.00104904
1.86428 0.00088954
1.86498 0.00215673
1.86567 0.00156188
1.86637 0.00131798
1.86706 0.00207138
1.86776 0.00113368
1.86846 0.000708103
1.86916 0.00119114
1.86986 0.00188065
1.87056 0.00208998
1.87126 0.00135231
1.87196 0.000533342
1.87266 0.000838995
1.87336 0.000801563
1.87406 0.00069499
1.87477 0.00142789
1.87547 0.00091815
1.87617 0.000586033
1.87688 0.000494719
1.87758 0.00091362
1.87829 0.000855923
1.87899 0.00153065
1.8797 0.000848055
1.88041 0.00134587
1.88111 0.000968933
1.88182 0.00167608
1.88253 0.000726223
1.88324 0.000850916
1.88395 0.00169563
1.88466 0.000296116
1.88537 0.00177574
1.88608 0.00202131
1.88679 0.00154424
1.8875 0.00214767
1.88822 0.00140977
1.88893 0.00110698
1.88964 0.00127101
1.89036 0.0032568
1.89107 0.000726223
1.89179 0.000333309
1.89251 0.000605345
1.89322 0.00105071
1.89394 0.00110507
1.89466 0.00151873
1.89538 0.00111961
1.89609 0.000911236
1.89681 0.000791788
1.89753 0.00118852
1.89825 0.000641584
1.89897 0.000762224
1.8997 0.000712395
1.90042 0.00129032
1.90114 0.00099802
1.90186 0.000731707
1.90259 0.00145221
1.90331 0.00187635
1.90404 0.00100613
1.90476 0.00129056
1.90549 0.000297308
1.90621 0.00171566
1.90694 0.00147533
1.90767 0.00103188
1.9084 3.40939e-05
1.90913 0.000939846
1.90985 0.00152636
1.91058 0.000875711
1.91131 0.00102305
1.91205 0.000885963
1.91278 0.000364542
1.91351 0.000720263
1.91424 0.000944138
1.91498 0.000694275
1.91571 0.000314236
1.91644 0.000740051
1.91718 0.000477791
1.91791 0.00144577
1.91865 0.00119233
1.91939 0.000777721
1.92012 0.000218391
1.92086 0.000953197
1.9216 0.000561237
1.92234 0.0010221
1.92308 0.00107121
1.92382 0.000411987
1.92456 0.000525951
1.9253 0.00108647
1.92604 0.00089097
1.92678 0.000595093
1.92753 0.000482798
1.92827 0.00132918
1.92901 0.000861406
1.92976 0.000792026
1.9305 0.000503063
1.93125 0.000863075
1.93199 0.00132203
1.93274 0.000112772
1.93349 0.000540733
1.93424 0.000607967
1.93498 0.000793219
1.93573 0.000915289
1.93648 0.000665188
1.93723 0.000451803
1.93798 0.000543356
1.93874 0.000150442
1.93949 0.00144339
1.94024 0.000501156
1.94099 0.00077939
1.94175 0.000566006
1.9425 0.00020361
1.94326 0.000651121
1.94401 0.000624418
1.94477 0.00140643
1.94553 0.000486851
1.94628 0.000490665
1.94704 0.00067544
1.9478 0.000623941
1.94856 0.00050807
1.94932 0.000254393
1.95008 0.000591278
1.95084 0.000531435
1.9516 0.000165701
1.95236 0.000135422
1.95312 0.000141859
1.95389 0.00052762
1.95465 0.000696182
1.95542 0.000400782
1.95618 0.000725508
1.95695 0.000599861
1.95771 0.000469446
1.95848 0.00067997
1.95925 0.000611544
1.96002 0.000397444
1.96078 0.000857592
1.96155 0.000408411
1.96232 0.000800371
1.96309 0.000303984
1.96386 1.19209e-05
1.96464 0.00070405
1.96541 0.000131607
1.96618 0.00170112
1.96696 0.000333548
1.96773 0.000269413
1.9685 0.000773192
1.96928 9.25064e-05
1.97006 0.000308514
1.97083 0.000610113
1.97161 0.000822306
1.97239 0.000249147
1.97316 0.000560999
1.97394 0.0004282
1.97472 0.000459671
1.9755 0.000581741
1.97628 0.000109911
1.97707 0.000673294
1.97785 0.000745297
1.97863 0.000265122
1.97941 0.000662565
1.9802 0.000727177
1.98098 0.000452519
1.98177 0.000556707
1.98255 0.000691891
1.98334 0.000564098
1.98413 0.000335693
1.98491 0.000404835
1.9857 0.00026226
1.98649 0.000990391
1.98728 0.000190973
1.98807 0.000264406
1.98886 0.000484228
1.98965 0.000377417
1.99045 0.000371695
1.99124 0.000248909
1.99203 0.000318766
1.99283 0.000324726
1.99362 0.000406027
1.99442 0.000346184
1.99521 0.000271082
1.99601 0.000224113
1.99681 0.000328779
1.9976 0.000558615
1.9984 0.000249386
1.9992 0.000522375
2 0.000696659
2.0008 0.000123739
2.0016 0.000221491
2.0024 0.000266552
2.00321 0.000545263
2.00401 0.000183582
2.00481 0.000254154
2.00562 0.000475168
2.00642 0.000876665
2.00723 0.000370979
2.00803 0.000437975
2.00884 0.000233889
2.00965 0.000560045
2.01045 0.000350952
2.01126 0.000101328
2.01207 0.000476599
2.01288 0.000268221
2.01369 0.000405788
2.0145 0.000292063
2.01532 0.000195503
2.01613 0.000119924
2.01694 0.000366688
2.01776 0.000689507
2.01857 0.000506639
2.01939 0.000451565
2.0202 0.000223637
2.02102 0.000308037
2.02184 0.000228167
2.02265 0.000282526
2.02347 0.000707149
2.02429 0.000702858
2.02511 0.000156879
2.02593 0.000655889
2.02675 0.000632763
2.02758 0.000182629
2.0284 0.00057745
2.02922 0.00042367
2.03004 0.000154972
2.03087 0.000183344
2.03169 0.000529528
2.03252 0.000342369
2.03335 0.000398397
2.03417 0.000110388
2.035 0.000377417
2.03583 0.00035429
2.03666 0.00030303
2.03749 0.000366211
2.03832 2.64645e-05
2.03915 0.000278473
2.03998 0.000309229
2.04082 0.000266552
2.04165 0.000683069
2.04248 0.000344753
2.04332 0.000328302
2.04415 0.000375271
2.04499 0.000371695
2.04583 0.000231028
2.04666 0.000216723
2.0475 0.000449896
2.04834 0.000168323
2.04918 0.000187635
2.05002 0.000359058
2.05086 3.93391e-05
2.0517 0.000443459
2.05255 0.000195742
2.05339 0.00034976
2.05423 8.63075e-05
2.05508 0.00053668
2.05592 0.00018549
2.05677 0.000259399
2.05761 0.000173569
2.05846 0.000188351
2.05931 0.000211954
2.06016 0.000262499
2.06101 0.000324965
2.06186 0.000189066
2.06271 0.000125647
2.06356 0.000386953
2.06441 0.000380516
2.06526 0.000290394
2.06612 0.000195503
2.06697 0.000213385
2.06782 0.000372171
2.06868 0.000351191
2.06954 0.000222206
2.07039 0.000299215
2.07125 0.000201225
2.07211 0.000637054
2.07297 0.000518084
2.07383 0.000270844
2.07469 0.00025487
2.07555 0.000106096
2.07641 0.000272512
2.07727 0.000361919
2.07814 0.000162363
2.079 0.000401974
2.07987 0.000164509
2.08073 0.000363112
2.0816 0.000213623
2.08247 0.000531673
2.08333 0.000143528
2.0842 0.000325441
2.08507 0.000314951
2.08594 0.000328302
2.08681 0.000254393
2.08768 0.000298262
2.08855 0.00045538
2.08943 0.000640392
2.0903 0.000421762
2.09118 0.000333786
2.09205 0.000377417
2.09293 0.000304461
2.0938 0.000228643
2.09468 0.000269651
2.09556 0.000254393
2.09644 5.34058e-05
2.09732 0.000333309
2.0982 0.000285625
2.09908 0.00022006
2.09996 0.000240803
2.10084 0.000283241
2.10172 0.000156164
2.10261 0.000218391
2.10349 9.87053e-05
2.10438 0.000549316
2.10526 0.000247717
2.10615 0.00015378
2.10704 0.000286579
2.10793 0.000287056
2.10881 0.00017786
2.1097 0.000522852
2.1106 0.000362396
2.11149 0.000187397
2.11238 0.000221014
2.11327 0.000141621
2.11416 0.000262976
2.11506 0.000153303
2.11595 0.000150204
2.11685 0.000137091
2.11775 0.000131369
2.11864 0.000390053
2.11954 0.000206471
2.12044 0.000198603
2.12134 0.000109434
2.12224 0.000309467
2.12314 0.000227451
2.12404 0.00033474
2.12495 0.000478506
2.12585 0.000469923
2.12675 1.5974e-05
2.12766 9.799e-05
2.12857 0.000244379
2.12947 0.000114918
2.13038 0.000197172
2.13129 0.000181913
2.1322 0.000247955
2.13311 0.000323534
2.13402 0.000330925
2.13493 0.000224829
2.13584 0.000294924
2.13675 0.00010848
2.13767 0.00043869
2.13858 0.000283957
2.1395 7.12872e-05
2.14041 0.000173569
2.14133 0.000209331
2.14225 0.000198603
2.14316 0.000156641
2.14408 0.000246525
2.145 0.000364304
2.14592 0.00044179
2.14684 0.000197172
2.14777 0.000363827
2.14869 0.000170946
2.14961 0.000141859
2.15054 0.000170231
2.15146 0.000124693
2.15239 0.000140429
2.15332 0.000229597
2.15424 0.000137329
2.15517 0.000227213
2.1561 0.00019908
2.15703 0.000170231
2.15796 9.77516e-05
2.15889 0.000311851
2.15983 0.000401497
2.16076 0.000290871
2.16169 0.000307322
2.16263 0.000226975
2.16357 0.000112772
2.1645 0.000234604
2.16544 0.000145197
2.16638 0.0002985
2.16732 0.000362396
2.16826 0.000224352
2.1692 0.000298023
2.17014 0.000246525
2.17108 0.000318527
2.17202 0.000401974
2.17297 0.000179291
2.17391 0.000102997
2.17486 0.000143766
2.17581 0.000108719
2.17675 0.000244856
2.1777 0.0001297
2.17865 0.000104666
2.1796 6.50883e-05
2.18055 0.000376701
2.1815 0.000436068
2.18245 0.000206709
2.18341 0.000142574
2.18436 0.000339985
2.18531 0.000276089
2.18627 0.000214577
2.18723 0.000277281
2.18818 8.86917e-05
2.18914 6.41346e-05
2.1901 0.000180483
2.19106 0.000316143
2.19202 0.000378132
2.19298 8.91685e-05
2.19394 0.000136137
2.19491 0.000248194
2.19587 0.000171661
2.19684 0.000147343
2.1978 0.000112295
2.19877 0.000315428
2.19974 0.000170231
2.2007 0.000138044
2.20167 7.39098e-05
2.20264 0.000139952
2.20361 8.72612e-05
2.20459 0.000318527
2.20556 0.000174046
2.20653 0.000121832
2.20751 0.000254631
2.20848 0.000284672
2.20946 4.14848e-05
2.21043 0.000172615
2.21141 0.000288487
2.21239 0.000186443
2.21337 5.48363e-06
2.21435 0.000136614
2.21533 0.000145435
2.21631 8.74996e-05
2.21729 0.000234366
2.21828 6.60419e-05
2.21926 6.93798e-05
2.22025 0.000176907
2.22124 0.00020957
2.22222 0.000252962
2.22321 6.12736e-05
2.2242 0.000246286
2.22519 7.60555e-05
2.22618 9.98974e-05
2.22717 0.00020504
2.22816 0.000115633
2.22916 0.000118971
2.23015 0.000252247
2.23115 0.000196934
2.23214 0.000144958
2.23314 0.000219822
2.23414 0.000151873
2.23514 5.00679e-05
2.23614 0.000137567
2.23714 0.000258446
2.23814 5.62668e-05
2.23914 1.69277e-05
2.24014 0.000137567
2.24115 3.69549e-05
2.24215 0.000257254
2.24316 0.000197887
2.24417 0.000208139
2.24517 0.000254631
2.24618 0.00011611
2.24719 0.000150442
2.2482 0.000292063
2.24921 0.000151873
2.25023 0.000235081
2.25124 0.000175238
2.25225 0.000140905
2.25327 0.000123024
2.25428 8.46386e-05
2.2553 0.000153303
2.25632 0.000386
2.25734 8.29697e-05
2.25836 0.000143528
2.25938 0.00015235
2.2604 0.00012064
2.26142 0.000253916
2.26244 0.000276089
2.26347 0.000183105
2.26449 0.000264406
2.26552 0.000172377
2.26655 0.000187397
2.26757 0.000184298
2.2686 0.000140429
2.26963 0.000105858
2.27066 0.00020957
2.27169 0.000226498
2.27273 0.000140429
2.27376 4.1008e-05
2.2748 6.79493e-05
2.27583 0.000399351
2.27687 0.000183582
2.2779 2.98023e-05
2.27894 0.000107527
2.27998 0.000192165
2.28102 0.000143051
2.28206 0.000252485
2.28311 3.55244e-05
2.28415 0.000163555
2.28519 0.000110865
2.28624 0.000273943
2.28728 0.000251532
2.28833 0.000221968
2.28938 0.000111342
2.29043 0.000160456
2.29148 0.000271082
2.29253 0.000309467
2.29358 6.65188e-05
2.29463 0.000109672
2.29568 0.000242472
2.29674 0.000195265
2.29779 0.000110149
2.29885 0.000199556
2.29991 0.000182867
2.30097 0.000172615
2.30203 0.000158071
2.30309 0.000200272
2.30415 0.000141144
2.30521 0.000210285
2.30627 0.000115633
2.30734 0.000220299
2.3084 8.74996e-05
2.30947 0.000154257
2.31054 0.000106335
2.3116 7.27177e-05
2.31267 0.000276327
2.31374 0.000182152
2.31481 0.000164032
2.31589 0.000194073
2.31696 0.000195742
2.31803 0.000166178
2.31911 0.000277996
2.32019 0.000196695
2.32126 0.000333786
2.32234 0.000248432
2.32342 -1.66893e-06
2.3245 0.000172138
2.32558 0.000163555
2.32666 7.86781e-05
2.32775 0.000225782
2.32883 0.00011611
2.32992 8.7738e-05
2.331 0.000189543
2.33209 9.77516e-05
2.33318 0.000122786
2.33427 0.00010848
2.33536 0.00014472
2.33645 0.00011754
2.33754 0.000123024
2.33863 0.000371933
2.33973 0.000318766
2.34082 0.000106096
2.34192 0.000158548
2.34302 0.00022459
2.34412 4.41074e-05
2.34522 4.50611e-05
2.34632 0.000132322
2.34742 0.000124931
2.34852 0.000146866
2.34962 0.000143051
2.35073 0.000128269
2.35183 0.000115395
2.35294 0.000188351
2.35405 0.000293016
2.35516 0.00037241
2.35627 0.000164032
2.35738 8.27312e-05
2.35849 0.000116348
2.3596 3.52859e-05
2.36072 9.44138e-05
2.36183 0.000256538
2.36295 0.000213146
2.36407 0.00016284
2.36518 0.00010848
2.3663 0.000158071
2.36742 6.41346e-05
2.36855 0.000144243
2.36967 3.33786e-05
2.37079 0.000128746
2.37192 0.000255823
2.37304 0.000225544
2.37417 4.22001e-05
2.3753 0.000102282
2.37643 2.40803e-05
2.37756 9.75132e-05
2.37869 0.000241756
2.37982 0.000201941
2.38095 0.000138283
2.38209 0.000172854
2.38322 0.0001719
2.38436 0.000201941
2.3855 2.12193e-05
2.38663 0.000124216
2.38777 0.000170231
2.38892 4.76837e-05
2.39006 6.98566e-05
2.3912 0.000151396
2.39234 0.00016427
2.39349 0.000217199
2.39464 0.000142813
2.39578 0.000232696
2.39693 0.000278234
2.39808 0.00017786
2.39923 0.000137806
2.40038 0.000209808
2.40154 0.000143766
2.40269 0.000154495
2.40385 0.000192642
2.405 0.000133038
2.40616 0.000130177
2.40732 0.000102282
2.40848 0.000213623
2.40964 0.000225067
2.4108 0.000159502
2.41196 8.17776e-05
2.41313 3.02792e-05
2.41429 0.00012517
2.41546 0.000149488
2.41663 7.29561e-05
2.41779 0.000105858
2.41896 7.4625e-05
2.42014 0.000153303
2.42131 0.000132084
2.42248 0.000202179
2.42365 0.000111103
2.42483 0.000145674
2.42601 0.000156879
2.42718 0.000104189
2.42836 0.000298977
2.42954 9.27448e-05
2.43072 6.67572e-05
2.43191 5.74589e-05
2.43309 0.000201225
2.43427 5.91278e-05
2.43546 0.000137329
2.43665 4.62532e-05
2.43784 0.000149727
2.43902 0.000127316
2.44021 0.000109196
2.44141 9.63211e-05
2.4426 0.000103951
2.44379 0.000163317
2.44499 0.000216484
2.44618 0.000125647
2.44738 0.00016284
2.44858 0.000208855
2.44978 0.000186205
2.45098 0.000185966
2.45218 0.000182629
2.45339 0.000109196
2.45459 0.000111818
2.4558 3.45707e-05
2.457 8.34465e-06
2.45821 0.000136375
2.45942 6.91414e-05
2.46063 6.12736e-05
2.46184 5.05447e-05
2.46305 0.000102758
2.46427 8.63075e-05
2.46548 0.000164032
2.4667 8.9407e-05
2.46792 8.53538e-05
2.46914 0.000115395
2.47036 9.94206e-05
2.47158 8.60691e-05
2.4728 0.000178099
2.47402 0.000200987
2.47525 6.77109e-05
2.47647 0.000113249
2.4777 0.000193357
2.47893 0.000201941
2.48016 0.000127077
2.48139 0.000103474
2.48262 0.000184059
2.48385 0.000158071
2.48509 8.60691e-05
2.48633 1.14441e-05
2.48756 3.00407e-05
2.4888 0.000202417
2.49004 0.000182867
2.49128 0.000246525
2.49252 0.00019908
2.49377 0.000145674
2.49501 0.000180483
2.49626 4.72069e-05
2.4975 0.000180006
2.49875 0.000238895
2.5 0.00018096
2.50125 0.000142574
2.5025 0.000103474
2.50376 0.000149965
2.50501 0.000222683
2.50627 7.53403e-05
2.50752 0.000216961
2.50878 0.000198364
2.51004 0.000143528
2.5113 0.000110388
2.51256 0.000115395
2.51383 0.00012064
2.51509 0.00010252
2.51636 0.000230312
2.51762 0.00011301
2.51889 0.000158548
2.52016 0.000107765
2.52143 0.000299215
2.5227 0.000218868
2.52398 4.8399e-05
2.52525 7.86781e-05
2.52653 0.000192165
2.52781 9.15527e-05
2.52908 0.000332356
2.53036 0.000100136
2.53165 0.000166416
2.53293 0.000120163
2.53421 0.000115871
2.5355 6.96182e-05
2.53678 0.000133991
2.53807 0.000248671
2.53936 0.000140429
2.54065 0.000178814
2.54194 6.86645e-05
2.54323 0.000160456
2.54453 0.000171185
2.54582 0.000170708
2.54712 0.000129223
2.54842 0.000114441
2.54972 0.000162602
2.55102 0.000166416
2.55232 0.000113726
2.55363 8.63075e-05
2.55493 0.000154495
2.55624 9.98974e-05
2.55754 0.000165224
2.55885 9.01222e-05
2.56016 0.000365972
2.56148 0.000402927
2.56279 0.000111342
2.5641 0.000156641
2.56542 4.17233e-05
2.56674 7.10487e-05
2.56805 4.673e-05
2.56937 0.000230789
2.57069 8.84533e-05
2.57202 0.000160217
2.57334 0.000158787
2.57467 6.93798e-05
2.57599 0.000173569
2.57732 0.000197649
2.57865 0.000158787
2.57998 7.86781e-05
2.58131 0.000284672
2.58264 0.000155211
2.58398 0.000252008
2.58532 0.00024581
2.58665 9.13143e-05
2.58799 0.00020361
2.58933 0.000155926
2.59067 8.4877e-05
2.59202 0.000217438
2.59336 0.000317573
2.59471 0.000521421
2.59605 0.000230312
2.5974 0.000302553
2.59875 0.000169277
2.6001 0.000196695
2.60146 2.7895e-05
2.60281 0.000124931
2.60417 0.000184774
2.60552 0.000142097
2.60688 0.000161171
2.60824 0.000146627
2.6096 0.000113726
2.61097 0.000193357
2.61233 0.000190258
2.6137 0.000145197
2.61506 8.51154e-05
2.61643 0.000240564
2.6178 3.83854e-05
2.61917 0.000134707
2.62055 0.000359297
2.62192 0.000192642
2.62329 8.9407e-05
2.62467 0.000197411
2.62605 0.000170708
2.62743 0.000232935
2.62881 0.000266075
2.63019 0.000243902
2.63158 8.39233e-05
2.63296 9.70364e-05
2.63435 0.000147104
2.63574 3.95775e-05
2.63713 0.000210524
2.63852 4.79221e-05
2.63992 0.000123978
2.64131 0.000104189
2.64271 0.000191212
2.6441 6.27041e-05
2.6455 0.000257492
2.6469 0.000136852
2.64831 0.000106096
2.64971 0.000146627
2.65111 2.95639e-05
2.65252 0.000216007
2.65393 0.000183105
2.65534 0.000122309
2.65675 9.56058e-05
2.65816 0.000167131
2.65957 0.000139475
2.66099 0.000290632
2.66241 0.000169516
2.66383 8.53538e-05
2.66525 0.000194073
2.66667 0.000449657
2.66809 0.000179529
2.66951 0.000125647
2.67094 0.000259876
2.67237 0.000177145
2.6738 9.58443e-05
2.67523 0.000289679
2.67666 0.000124216
2.67809 0.000339031
2.67953 0.000244141
2.68097 0.000201941
2.6824 0.000193119
2.68384 0.000293255
2.68528 0.000121355
2.68673 8.13007e-05
2.68817 0.00013113
2.68962 0.000139475
2.69107 0.000113249
2.69251 0.000219345
2.69397 0.000387192
2.69542 0.000312328
2.69687 0.000140429
2.69833 0.000129938
2.69978 0.00010252
2.70124 0.000287294
2.7027 0.000263453
2.70416 0.000123024
2.70563 0.000213861
2.70709 0.000170231
2.70856 0.000172854
2.71003 0.000239611
2.7115 0.00028348
2.71297 5.36442e-05
2.71444 0.000203133
2.71592 4.33922e-05
2.71739 8.67844e-05
2.71887 0.000179052
2.72035 0.000377655
2.72183 0.000250578
2.72331 0.000158787
2.7248 0.000329733
2.72628 0.000143051
2.72777 0.000121117
2.72926 0.00015974
2.73075 0.000115633
2.73224 0.00022912
2.73373 8.79765e-05
2.73523 3.29018e-05
2.73673 0.000124931
2.73823 0.000150204
2.73973 0.000148296
2.74123 9.60827e-05
2.74273 0.000293255
2.74424 0.000269175
2.74574 0.000127554
2.74725 0.000142574
2.74876 0.000167131
2.75028 4.69685e-05
2.75179 0.000103474
2.7533 9.2268e-05
2.75482 0.000385046
2.75634 0.000360489
2.75786 6.67572e-05
2.75938 6.65188e-05
2.76091 0.0001719
2.76243 0.00039506
2.76396 0.000174522
2.76549 8.84533e-05
2.76702 0.000109196
2.76855 0.000144482
2.77008 0.000173569
2.77162 0.000168085
2.77316 8.41618e-05
2.77469 0.000128746
2.77624 0.000110388
2.77778 0.000202417
2.77932 0.000217199
2.78087 8.55923e-05
2.78242 3.0756e-05
2.78396 0.00013423
2.78552 9.63211e-05
2.78707 9.46522e-05
2.78862 6.62804e-05
2.79018 0.000193834
2.79174 0.000130415
2.7933 0.000126839
2.79486 9.41753e-05
2.79642 4.86374e-05
2.79799 0.000107527
2.79955 0.000225067
2.80112 0.00012517
2.80269 0.00028348
2.80426 0.000117302
2.80584 0.000193357
2.80741 5.4121e-05
2.80899 3.79086e-05
2.81057 0.000187874
2.81215 0.000165462
2.81373 0.000165224
2.81532 0.000258446
2.8169 8.70228e-05
2.81849 4.50611e-05
2.82008 0.00022316
2.82167 0.00031805
2.82326 0.000161648
2.82486 7.72476e-05
2.82646 9.36985e-05
2.82805 0.000104189
2.82965 0.000159264
2.83126 9.41753e-05
2.83286 6.96182e-05
2.83447 0.000217676
2.83607 0.00025487
2.83768 0.000120401
2.8393 8.79765e-05
2.84091 0.000103474
2.84252 0.000148773
2.84414 0.000203133
2.84576 7.62939e-05
2.84738 4.57764e-05
2.849 0.000120401
2.85063 7.65324e-05
2.85225 6.74725e-05
2.85388 0.000133753
2.85551 0.000140429
2.85714 0.000256538
2.85878 0.000210524
2.86041 0.000243187
2.86205 0.000203133
2.86369 6.58035e-05
2.86533 8.34465e-05
2.86697 6.81877e-05
2.86862 7.7486e-05
2.87026 0.000123501
2.87191 0.000112534
2.87356 3.62396e-05
2.87522 9.41753e-05
2.87687 0.000236988
2.87853 0.000180244
2.88018 9.25064e-05
2.88184 5.96046e-06
2.88351 0.000152111
2.88517 2.16961e-05
2.88684 0.000147104
2.8885 0.000119686
2.89017 0.000136375
2.89184 0.000102043
2.89352 5.96046e-06
2.89519 7.60555e-05
2.89687 7.67708e-05
2.89855 6.34193e-05
2.90023 0.000146866
2.90192 4.00543e-05
2.9036 4.33922e-05
2.90529 0.00014472
2.90698 7.86781e-05
2.90867 5.53131e-05
2.91036 0.000139952
2.91206 0.00011754
2.91375 0.000190496
2.91545 0.000131369
2.91715 0.000123024
2.91886 5.126e-05
2.92056 8.86917e-05
2.92227 0.000347853
2.92398 0.000153542
2.92569 0.000215769
2.9274 7.70092e-05
2.92912 4.22001e-05
2.93083 0.000298262
2.93255 0.00013423
2.93427 0.000113487
2.936 0.000260115
2.93772 0.000155211
2.93945 7.4625e-05
2.94118 5.22137e-05
2.94291 7.82013e-05
2.94464 0.000214338
2.94638 4.98295e-05
2.94811 0.000188589
2.94985 0.000101805
2.95159 9.08375e-05
2.95334 0.000156164
2.95508 2.86102e-06
2.95683 0.000116587
2.95858 0.000170708
2.96033 0.000168323
2.96209 0.000140905
2.96384 0.000185013
2.9656 0.000149488
2.96736 0.000160217
2.96912 0.000115156
2.97089 8.34465e-05
2.97265 6.24657e-05
2.97442 0.000144005
2.97619 4.45843e-05
2.97796 9.799e-05
2.97974 6.07967e-05
2.98151 7.05719e-05
2.98329 0.000304937
2.98507 8.46386e-05
2.98686 9.91821e-05
2.98864 9.77516e-05
2.99043 3.45707e-05
2.99222 0.000172138
2.99401 0.000156879
2.99581 0.000126362
2.9976 0.000110388
2.9994 6.31809e-05
3.0012 0.000180006
3.003 2.52724e-05
3.00481 0.000172377
3.00661 0.00020504
3.00842 3.67165e-05
3.01023 2.86102e-05
3.01205 0.000148773
3.01386 0.000119686
3.01568 8.17776e-05
3.0175 0.000129461
3.01932 0.000262022
3.02115 3.33786e-05
3.02297 0.000112534
3.0248 0.000143528
3.02663 9.20296e-05
3.02847 0.000316143
3.0303 7.9155e-05
3.03214 9.46522e-05
3.03398 0.000191927
3.03582 0.000234127
3.03767 0.000130653
3.03951 0.000109434
3.04136 0.000117064
3.04321 0.000144958
3.04507 0.000160456
3.04692 0.000110388
3.04878 2.69413e-05
3.05064 7.12872e-05
3.0525 -3.57628e-06
3.05437 9.87053e-05
3.05623 0.000145435
3.0581 5.48363e-05
3.05998 4.76837e-06
3.06185 8.82149e-05
3.06373 9.72748e-05
3.0656 0.000116348
3.06748 0.000115633
3.06937 0.000112057
3.07125 0.000127792
3.07314 7.43866e-05
3.07503 0.0001688
3.07692 0.000199795
3.07882 5.91278e-05
3.08071 0.000114202
3.08261 2.88487e-05
3.08452 9.08375e-05
3.08642 8.60691e-05
3.08833 1.09673e-05
3.09023 5.57899e-05
3.09215 0.000128031
3.09406 6.27041e-05
3.09598 0.000126362
3.09789 9.2268e-05
3.09981 4.1008e-05
3.10174 7.60555e-05
3.10366 0.000120163
3.10559 0.00010848
3.10752 6.7234e-05
3.10945 0.000119448
3.11139 0.000109434
3.11333 0.00010848
3.11526 5.4121e-05
3.11721 3.43323e-05
3.11915 7.34329e-05
3.1211 2.86102e-05
3.12305 4.93527e-05
3.125 2.19345e-05
3.12695 8.53538e-05
3.12891 0.000133038
3.13087 8.58307e-05
3.13283 8.74996e-05
3.1348 1.83582e-05
3.13676 3.60012e-05
3.13873 3.76701e-05
3.1407 2.7895e-05
3.14268 8.86917e-05
3.14465 0.000109434
3.14663 7.39098e-06
3.14861 0.000133753
3.1506 0.000172377
3.15259 9.98974e-05
3.15457 0.00012517
3.15657 0.000122309
3.15856 0.000153542
3.16056 0.000112534
3.16256 0.000140429
3.16456 8.67844e-05
3.16656 0.00012517
3.16857 9.72748e-05
3.17058 -1.90735e-06
3.17259 0.000122309
3.1746 0.000176907
3.17662 0.000118971
3.17864 0.000124931
3.18066 6.8903e-05
3.18269 8.41618e-05
3.18471 4.57764e-05
3.18674 3.76701e-05
3.18878 0.000152111
3.19081 9.15527e-05
3.19285 0.000128508
3.19489 9.799e-05
3.19693 4.3869e-05
3.19898 3.43323e-05
3.20102 0.000142336
3.20307 0.000127554
3.20513 0.00014019
3.20718 8.32081e-05
3.20924 9.27448e-05
3.2113 8.82149e-05
3.21337 0.000179052
3.21543 0.000130177
3.2175 0.000103951
3.21958 0.000125885
3.22165 0.000127554
3.22373 0.000229597
3.22581 0.000287294
3.22789 0.00015378
3.22997 7.03335e-05
3.23206 0.000132561
3.23415 8.32081e-05
3.23625 0.000174761
3.23834 3.91006e-05
3.24044 1.3113e-05
3.24254 8.4877e-05
3.24465 0.000167608
3.24675 0.000203371
3.24886 4.33922e-05
3.25098 5.29289e-05
3.25309 0.000145197
3.25521 4.02927e-05
3.25733 0.000108242
3.25945 0.000131845
3.26158 8.65459e-05
3.26371 0.000119448
3.26584 0.000103235
3.26797 5.76973e-05
3.27011 5.79357e-05
3.27225 8.96454e-05
3.27439 0.000122786
3.27654 0.000141382
3.27869 0.000111818
3.28084 0.000227451
3.28299 7.65324e-05
3.28515 0.000134945
3.28731 6.98566e-05
3.28947 0.000217199
3.29164 0.000112295
3.29381 3.45707e-05
3.29598 0.000135899
3.29815 0.000242472
3.30033 4.52995e-06
3.30251 0.000139237
3.30469 0.000203371
3.30688 0.000155211
3.30907 0.000160217
3.31126 0.000108004
3.31345 9.5129e-05
3.31565 0.000129461
3.31785 0.000172377
3.32005 0.00017333
3.32226 0.00014329
3.32447 9.84669e-05
3.32668 0.000118256
3.32889 4.48227e-05
3.33111 3.8147e-06
3.33333 8.58307e-05
3.33556 0.000132561
3.33778 8.44002e-05
3.34001 7.08103e-05
3.34225 1.93119e-05
3.34448 9.10759e-05
3.34672 3.45707e-05
3.34896 2.7895e-05
3.35121 9.25064e-05
3.35345 6.7234e-05
3.3557 5.4121e-05
3.35796 0.000186443
3.36022 5.126e-05
3.36247 0.000103951
3.36474 0.000201702
3.367 0.000142097
3.36927 7.20024e-05
3.37154 0.000146151
3.37382 8.63075e-05
3.3761 4.76837e-05
3.37838 0.000128508
3.38066 9.08375e-05
3.38295 0.000116825
3.38524 0.000163078
3.38753 0.000133276
3.38983 9.41753e-05
3.39213 6.91414e-05
3.39443 -1.07288e-05
3.39674 0.000116348
3.39905 0.000115156
3.40136 4.79221e-05
3.40368 0.000109434
3.40599 0.00014925
3.40832 0.000123024
3.41064 0.000168085
3.41297 9.36985e-05
3.4153 0.000111818
3.41763 0.000154972
3.41997 6.58035e-05
3.42231 0.000110388
3.42466 9.32217e-05
3.427 0.000157833
3.42936 0.00011301
3.43171 0.000168085
3.43407 2.93255e-05
3.43643 0.000154495
3.43879 0.000172854
3.44116 8.27312e-05
3.44353 7.89165e-05
3.4459 0.000139475
3.44828 9.53674e-05
3.45066 9.03606e-05
3.45304 0.000133753
3.45543 0.000141621
3.45781 0.000136137
3.46021 0.00019455
3.4626 4.72069e-05
3.465 9.91821e-05
3.46741 0.00015068
3.46981 0.0001297
3.47222 0.000170708
3.47464 9.70364e-05
3.47705 0.000130892
3.47947 8.51154e-05
3.48189 0.000151873
3.48432 4.1008e-05
3.48675 0.000200748
3.48918 5.93662e-05
3.49162 5.50747e-05
3.49406 3.62396e-05
3.4965 0.000137091
3.49895 3.55244e-05
3.5014 9.2268e-05
3.50385 5.50747e-05
3.50631 0.000137091
3.50877 0.000136852
3.51124 7.77245e-05
3.5137 6.4373e-06
3.51617 5.4121e-05
3.51865 0.000108004
3.52113 0.000216007
3.52361 0.000132084
3.52609 8.89301e-05
3.52858 8.15391e-05
3.53107 3.45707e-05
3.53357 4.36306e-05
3.53607 0.000112772
3.53857 0.000145674
3.54108 0.000161648
3.54359 8.86917e-05
3.5461 0.00015235
3.54862 0.000106335
3.55114 2.55108e-05
3.55366 9.39369e-05
3.55619 2.86102e-05
3.55872 8.24928e-05
3.56125 2.26498e-05
3.56379 8.4877e-05
3.56633 0.000263453
3.56888 9.75132e-05
3.57143 8.98838e-05
3.57398 6.38962e-05
3.57654 9.10759e-05
3.5791 0.000113964
3.58166 5.93662e-05
3.58423 0.000133991
3.5868 0.000151157
3.58938 3.71933e-05
3.59195 0.000109911
3.59454 0.000128985
3.59712 9.46522e-05
3.59971 0.000119686
3.60231 0.000105143
3.6049 4.91142e-05
3.6075 4.76837e-05
3.61011 6.91414e-05
3.61272 9.10759e-05
3.61533 5.72205e-05
3.61795 5.14984e-05
3.62056 6.22273e-05
3.62319 6.46114e-05
3.62582 0.00017333
3.62845 5.76973e-05
3.63108 0.000138283
3.63372 9.27448e-05
3.63636 9.5129e-05
3.63901 0.000127077
3.64166 0.000106573
3.64431 0.000113964
3.64697 7.65324e-05
3.64964 0.00014925
3.6523 0.00020361
3.65497 0.00010705
3.65764 3.74317e-05
3.66032 3.43323e-05
3.663 7.7486e-05
3.66569 4.88758e-05
3.66838 0.000120163
3.67107 0.000101805
3.67377 4.62532e-05
3.67647 7.00951e-05
3.67918 5.43594e-05
3.68189 0.000131845
3.6846 8.67844e-05
3.68732 0.00010252
3.69004 4.98295e-05
3.69276 6.93798e-05
3.69549 8.36849e-05
3.69822 0.000100136
3.70096 0.000192165
3.7037 9.82284e-05
3.70645 6.91414e-05
3.7092 5.67436e-05
3.71195 8.84533e-05
3.71471 1.74046e-05
3.71747 4.673e-05
3.72024 3.79086e-05
3.72301 4.79221e-05
3.72578 4.36306e-05
3.72856 8.7738e-05
3.73134 5.10216e-05
3.73413 7.84397e-05
3.73692 0.000191689
3.73972 7.72476e-05
3.74251 0.00012207
3.74532 8.65459e-05
3.74813 0.000111342
3.75094 0.000133514
3.75375 7.79629e-05
3.75657 2.93255e-05
3.7594 0.000133991
3.76223 0.000114918
3.76506 4.48227e-05
3.7679 6.7234e-05
3.77074 0.000190735
3.77358 0.000214577
3.77644 2.98023e-05
3.77929 3.09944e-05
3.78215 0.000110865
3.78501 4.17233e-05
3.78788 6.1512e-05
3.79075 0.000134945
3.79363 0.000107527
3.79651 8.55923e-05
3.79939 3.6478e-05
3.80228 7.39098e-05
3.80518 7.12872e-05
3.80807 3.76701e-05
3.81098 0.000145435
3.81388 0.0001266
3.81679 4.52995e-05
3.81971 9.60827e-05
3.82263 0.000121117
3.82555 9.2268e-05
3.82848 9.48906e-05
3.83142 0.000102997
3.83436 9.25064e-05
3.8373 8.17776e-05
3.84025 7.31945e-05
3.8432 3.21865e-05
3.84615 0.000104189
3.84911 4.95911e-05
3.85208 7.89165e-05
3.85505 6.31809e-05
3.85802 5.62668e-05
3.861 7.79629e-05
3.86399 0.000103712
3.86698 0.000112057
3.86997 0.000117064
3.87297 0.000112534
3.87597 9.32217e-05
3.87898 0.000114679
3.88199 0.000105619
3.885 0.000170231
3.88802 7.62939e-05
3.89105 9.41753e-05
3.89408 5.60284e-05
3.89712 0.000142813
3.90016 0.000154972
3.9032 6.50883e-05
3.90625 0.000123501
3.9093 9.63211e-05
3.91236 2.74181e-05
3.91543 0.000152588
3.9185 0.000162602
3.92157 0.000190496
3.92465 0.000151396
3.92773 0.00010848
3.93082 8.86917e-05
3.93391 0.000200033
3.93701 2.50339e-05
3.94011 5.07832e-05
3.94322 0.000117302
3.94633 9.13143e-05
3.94945 8.36849e-05
3.95257 5.05447e-05
3.9557 9.15527e-05
3.95883 4.93527e-05
3.96197 2.31266e-05
3.96511 5.05447e-05
3.96825 0.000115395
3.97141 6.46114e-05
3.97456 6.69956e-05
3.97772 5.60284e-05
3.98089 1.21594e-05
3.98406 5.65052e-05
3.98724 5.24521e-05
3.99042 5.17368e-05
3.99361 5.36442e-05
3.9968 9.25064e-05
4 7.67708e-05
4.0032 7.86781e-06
4.00641 8.7738e-05
4.00962 9.48906e-05
4.01284 0.000139475
4.01606 3.26633e-05
4.01929 3.26633e-05
4.02253 0.000116587
4.02576 7.41482e-05
4.02901 0.000116825
4.03226 7.10487e-05
4.03551 0.000225544
4.03877 8.46386e-05
4.04204 8.15391e-05
4.04531 6.46114e-05
4.04858 0.000133514
4.05186 0.000159979
4.05515 0.000114679
4.05844 0.000136375
4.06174 5.24521e-05
4.06504 9.03606e-05
4.06835 6.27041e-05
4.07166 5.29289e-05
4.07498 4.31538e-05
4.0783 8.36849e-05
4.08163 9.20296e-05
4.08497 7.86781e-05
4.08831 7.08103e-05
4.09165 6.53267e-05
4.095 4.50611e-05
4.09836 9.10759e-05
4.10172 8.65459e-05
4.10509 9.2268e-05
4.10846 2.86102e-05
4.11184 9.10759e-05
4.11523 7.60555e-05
4.11862 0.000100374
4.12201 0.000141382
4.12541 0.000162363
4.12882 6.50883e-05
4.13223 6.31809e-05
4.13565 4.36306e-05
4.13907 0.00012207
4.1425 0.000156641
4.14594 7.93934e-05
4.14938 4.8399e-05
4.15282 0.000152826
4.15628 8.96454e-05
4.15973 6.50883e-05
4.1632 0.000146389
4.16667 0.000132084
4.17014 7.58171e-05
4.17362 7.77245e-05
4.17711 4.29153e-05
4.1806 0.000118256
4.1841 0.000123978
4.1876 8.44002e-05
4.19111 6.69956e-05
4.19463 0.000118256
4.19815 7.31945e-05
4.20168 0.00011611
4.20521 1.45435e-05
4.20875 0.000279665
4.2123 0.000293493
4.21585 6.1512e-05
4.21941 0.000276327
4.22297 0.000119209
4.22654 0.000175714
4.23012 0.000136375
4.2337 0.000222206
4.23729 0.000216961
4.24088 0.000316143
4.24448 0.000239849
4.24809 0.000257254
4.2517 0.000173092
4.25532 0.000247002
4.25894 0.000249863
4.26257 8.65459e-05
4.26621 4.1008e-05
4.26985 5.22137e-05
4.2735 0.00027132
4.27716 0.00022316
4.28082 1.90735e-05
4.28449 0.000205517
4.28816 0.000246763
4.29185 0.000124931
4.29553 0.000172138
4.29923 0.000200748
4.30293 9.03606e-05
4.30663 0.000162125
4.31034 0.000191689
4.31406 0.000232935
4.31779 0.000169277
4.32152 0.000176668
4.32526 9.84669e-05
4.329 6.69956e-05
4.33276 6.48499e-05
4.33651 7.67708e-05
4.34028 0.000162363
4.34405 0.000164747
4.34783 4.74453e-05
4.35161 8.72612e-05
4.3554 7.43866e-05
4.3592 7.03335e-05
4.363 9.27448e-05
4.36681 0.000127792
4.37063 8.41618e-05
4.37445 4.93527e-05
4.37828 7.93934e-05
4.38212 2.83718e-05
4.38596 0.000154734
4.38982 4.86374e-05
4.39367 9.58443e-05
4.39754 3.95775e-05
4.40141 0.000158548
4.40529 5.29289e-05
4.40917 5.19753e-05
4.41306 0.000106811
4.41696 5.4121e-05
4.42087 6.74725e-05
4.42478 5.84126e-05
4.4287 9.87053e-05
4.43262 0.00011611
4.43656 4.76837e-05
4.4405 4.22001e-05
4.44444 6.31809e-05
4.4484 3.83854e-05
4.45236 4.81605e-05
4.45633 0.000110388
4.4603 0.000109672
4.46429 7.31945e-05
4.46828 7.31945e-05
4.47227 0.000130653
4.47628 0.000137806
4.48029 8.39233e-05
4.4843 7.00951e-05
4.48833 0.000117302
4.49236 0.000257969
4.4964 0.000192165
4.50045 5.31673e-05
4.5045 0.000159264
4.50857 0.000195742
4.51264 8.4877e-05
4.51671 0.000119924
4.5208 0.000104904
4.52489 0.000128269
4.52899 0.00012207
4.53309 0.000174046
4.53721 6.34193e-05
4.54133 6.17504e-05
4.54545 5.31673e-05
4.54959 3.45707e-05
4.55373 0.000120878
4.55789 6.34193e-05
4.56204 0.000106573
4.56621 0.000172615
4.57038 5.38826e-05
4.57457 0.000101805
4.57875 5.14984e-05
4.58295 9.58443e-05
4.58716 0.00018096
4.59137 8.44002e-05
4.59559 4.31538e-05
4.59982 8.84533e-05
4.60405 0.000139713
4.60829 0.000122309
4.61255 7.62939e-05
4.61681 6.46114e-05
4.62107 0.000120163
4.62535 4.12464e-05
4.62963 0.000182867
4.63392 8.82149e-06
4.63822 0.000101328
4.64253 6.10352e-05
4.64684 9.41753e-05
4.65116 2.74181e-05
4.65549 6.12736e-05
4.65983 8.27312e-05
4.66418 1.47819e-05
4.66853 8.9407e-05
4.6729 8.58307e-05
4.67727 5.45978e-05
4.68165 6.91414e-05
4.68604 0.000159264
4.69043 0.000148058
4.69484 4.26769e-05
4.69925 1.85967e-05
4.70367 7.08103e-05
4.7081 0.000143528
4.71254 8.05855e-05
4.71698 4.26769e-05
4.72144 7.9155e-05
4.7259 4.57764e-05
4.73037 6.46114e-05
4.73485 1.97887e-05
4.73934 5.53131e-05
4.74383 6.36578e-05
4.74834 0.00015831
4.75285 0.000127316
4.75737 2.69413e-05
4.7619 8.60691e-05
4.76644 4.31538e-05
4.77099 7.62939e-05
4.77555 0.000119686
4.78011 1.00136e-05
4.78469 4.79221e-05
4.78927 6.93798e-05
4.79386 6.24657e-05
4.79846 3.57628e-06
4.80307 0.000104666
4.80769 0.000145912
4.81232 7.58171e-05
4.81696 8.41618e-05
4.8216 5.126e-05
4.82625 2.69413e-05
4.83092 3.48091e-05
4.83559 3.88622e-05
4.84027 0.000123501
4.84496 9.44138e-05
4.84966 0.000187159
4.85437 0.000137567
4.85909 6.67572e-05
4.86381 6.55651e-05
4.86855 0.00010848
4.87329 8.51154e-05
4.87805 0.000122786
4.88281 3.24249e-05
4.88759 4.76837e-05
4.89237 9.65595e-05
4.89716 7.41482e-05
4.90196 8.36849e-05
4.90677 8.17776e-05
4.91159 0.000159264
4.91642 5.126e-05
4.92126 5.43594e-05
4.92611 9.89437e-05
4.93097 0.000131845
4.93583 8.41618e-05
4.94071 4.05312e-05
4.9456 5.19753e-05
4.9505 6.10352e-05
4.9554 9.08375e-05
4.96032 9.75132e-05
4.96524 7.65324e-05
4.97018 6.53267e-05
4.97512 3.86238e-05
4.98008 3.57628e-05
4.98504 0.000130653
4.99002 0.000137567
4.995 0.000109672
5 0.00010705
5.00501 3.93391e-05
5.01002 8.74996e-05
5.01505 0.000133514
5.02008 0.000162125
5.02513 7.96318e-05
5.03018 4.31538e-05
5.03525 0.000128985
5.04032 0.000137806
5.04541 9.70364e-05
5.05051 0.000114918
5.05561 7.58171e-05
5.06073 0.000106573
5.06586 9.25064e-05
5.07099 8.24928e-05
5.07614 5.4121e-05
5.0813 3.0756e-05
5.08647 4.8399e-05
5.09165 0.000138998
5.09684 8.89301e-05
5.10204 0.000115156
5.10725 6.34193e-05
5.11247 5.29289e-05
5.11771 0.000124693
5.12295 6.60419e-05
5.12821 6.98566e-05
5.13347 6.60419e-05
5.13875 0.000133514
5.14403 0.000195026
5.14933 0.000114679
5.15464 5.72205e-05
5.15996 0.000136852
5.16529 8.41618e-05
5.17063 8.70228e-05
5.17598 7.62939e-05
5.18135 0.00012064
5.18672 7.93934e-05
5.19211 2.64645e-05
5.19751 8.70228e-05
5.20291 7.72476e-05
5.20833 5.07832e-05
5.21376 7.62939e-05
5.21921 5.48363e-05
5.22466 0.000105381
5.23013 7.24792e-05
5.2356 4.79221e-05
5.24109 0.000209093
5.24659 0.00013566
5.2521 0.000146389
5.25762 9.53674e-05
5.26316 0.000125647
5.2687 4.79221e-05
5.27426 3.71933e-05
5.27983 0.000141859
5.28541 6.8903e-05
5.29101 7.84397e-05
5.29661 7.60555e-05
5.30223 0.000140905
5.30786 3.48091e-05
5.3135 6.48499e-05
5.31915 4.22001e-05
5.32481 9.01222e-05
5.33049 9.58443e-05
5.33618 9.44138e-05
5.34188 0.000148773
5.34759 0.000178575
5.35332 8.74996e-05
5.35906 9.29832e-05
5.36481 0.000116587
5.37057 0.000125885
5.37634 0.000109434
5.38213 0.000119448
5.38793 9.10759e-05
5.39374 8.22544e-05
5.39957 0.000119924
5.40541 3.17097e-05
5.41126 0.0001266
5.41712 0.000132561
5.42299 0.000182629
5.42888 0.000146866
5.43478 0.000244856
5.4407 5.57899e-05
5.44662 0.000169039
5.45256 2.38419e-06
5.45852 8.36849e-05
5.46448 0.000153542
5.47046 9.82284e-05
5.47645 0.000110865
5.48246 0.000151157
5.48847 0.000190258
5.49451 5.93662e-05
5.50055 9.9659e-05
5.50661 4.43459e-05
5.51268 5.74589e-05
5.51876 0.000169992
5.52486 0.000227928
5.53097 4.64916e-05
5.5371 0.000101566
5.54324 0.000169516
5.54939 0.000166655
5.55556 0.00020957
5.56174 7.34329e-05
5.56793 2.40803e-05
5.57414 0.000113249
5.58036 0.000117779
5.58659 2.86102e-05
5.59284 0.000137567
5.5991 5.50747e-05
5.60538 0.000167608
5.61167 5.79357e-05
5.61798 0.000129223
5.6243 0.000110626
5.63063 0.000159979
5.63698 4.45843e-05
5.64334 0.00015974
5.64972 0.000104666
5.65611 0.000121355
5.66251 0.00013113
5.66893 7.60555e-05
5.67537 6.60419e-05
5.68182 0.000210524
5.68828 0.000293732
5.69476 0.000183582
5.70125 3.74317e-05
5.70776 0.000174046
5.71429 0.000152111
5.72082 0.000226259
5.72738 6.93798e-05
5.73394 6.91414e-05
5.74053 0.000127554
5.74713 0.000262737
5.75374 0.000177383
5.76037 3.31402e-05
5.76701 0.000242472
5.77367 7.86781e-05
5.78035 0.000147581
5.78704 0.000170469
5.79374 0.000130892
5.80046 0.000212908
5.8072 0.000201464
5.81395 0.00013566
5.82072 0.000292301
5.82751 8.13007e-05
5.83431 0.000123739
5.84112 0.000101328
5.84795 5.14984e-05
5.8548 5.29289e-05
5.86166 0.000165701
5.86854 0.000174761
5.87544 0.000169754
5.88235 0.000494003
5.88928 6.81877e-05
5.89623 0.000187635
5.90319 0.000179052
5.91017 5.29289e-05
5.91716 4.3869e-05
5.92417 4.12464e-05
5.9312 8.86917e-05
5.93824 0.000110626
5.9453 8.60691e-05
5.95238 8.67844e-05
5.95948 7.15256e-05
5.96659 0.00018549
5.97372 0.000103712
5.98086 3.17097e-05
5.98802 0.000273466
5.9952 0.000174999
6.0024 4.50611e-05
6.00962 7.24792e-05
6.01685 0.000101566
6.0241 9.32217e-05
6.03136 2.74181e-05
6.03865 1.5974e-05
6.04595 0.000782728
6.05327 0.000783205
6.06061 6.67572e-05
6.06796 0.000225306
6.07533 0.000249147
6.08273 7.7486e-05
6.09013 0.000154495
6.09756 0.000224352
6.10501 0.000221252
6.11247 0.00025773
6.11995 7.98702e-05
6.12745 0.000131369
6.13497 8.98838e-05
6.14251 9.05991e-05
6.15006 3.74317e-05
6.15764 0.000115871
6.16523 4.81605e-05
6.17284 5.65052e-05
6.18047 1.33514e-05
6.18812 8.63075e-05
6.19579 5.07832e-05
6.20347 3.67165e-05
6.21118 4.55379e-05
6.21891 0.000109434
6.22665 6.22273e-05
6.23441 0.000131845
6.2422 3.88622e-05
6.25 6.7234e-05
6.25782 0.000135183
6.26566 6.4373e-05
6.27353 0.000105619
6.28141 0.00011158
6.28931 8.9407e-05
6.29723 0.000125647
6.30517 9.34601e-05
6.31313 0.000118971
6.32111 7.86781e-05
6.32911 1.71661e-05
6.33714 0.000126123
6.34518 0.000151873
6.35324 0.000157595
6.36132 9.25064e-05
6.36943 3.43323e-05
6.37755 0.000154972
6.3857 0.000128031
6.39386 4.07696e-05
6.40205 9.03606e-05
6.41026 0.000773192
6.41849 0.000481844
6.42674 0.000210047
6.43501 0.000109672
6.4433 0.0001297
6.45161 0.000154257
6.45995 0.000122309
6.46831 0.000106096
6.47668 0.000124931
6.48508 0.000184774
6.49351 0.000252008
6.50195 0.000188112
6.51042 0.000154734
6.5189 0.00014329
6.52742 7.70092e-05
6.53595 3.62396e-05
6.5445 6.38962e-05
6.55308 0.000141621
6.56168 7.60555e-05
6.5703 0.000274897
6.57895 9.56058e-05
6.58762 0.000105619
6.59631 0.000104904
6.60502 0.000130415
6.61376 0.000230789
6.62252 0.000154257
6.6313 0.000550747
6.64011 0.000792265
6.64894 7.12872e-05
6.65779 5.72205e-05
6.66667 3.83854e-05
6.67557 0.000222921
6.68449 0.000211716
6.69344 0.000118971
6.70241 0.000180483
6.71141 0.000266552
6.72043 0.000263929
6.72948 0.000103474
6.73854 0.000111342
6.74764 0.000128031
6.75676 0.000125408
6.7659 0.000162602
6.77507 0.000142574
6.78426 2.38419e-06
6.79348 0.00052762
6.80272 0.000125647
6.81199 0.000139475
6.82128 8.67844e-05
6.8306 0.000387192
6.83995 9.39369e-05
6.84932 0.000112057
6.85871 0.000230789
6.86813 0.000525951
6.87758 0.000101328
6.88705 0.000172854
6.89655 0.000119924
6.90608 0.000121355
6.91563 0.000107765
6.92521 7.51019e-05
6.93481 5.65052e-05
6.94444 8.60691e-05
6.9541 0.000158787
6.96379 0.0001719
6.9735 0.000161648
6.98324 0.000141382
6.99301 0.000104904
7.0028 4.673e-05
7.01262 2.28882e-05
7.02247 7.10487e-05
7.03235 0.000123739
7.04225 0.000232696
7.05219 0.000438213
7.06215 0.000103712
7.07214 0.000152111
7.08215 2.45571e-05
7.0922 3.93391e-05
7.10227 0.000127554
7.11238 0.000202417
7.12251 0.000205755
7.13267 3.3617e-05
7.14286 8.10623e-05
7.15308 9.46522e-05
7.16332 7.00951e-05
7.1736 7.84397e-05
7.18391 3.83854e-05
7.19424 8.65459e-05
7.20461 8.34465e-05
7.21501 0.000134945
7.22543 8.65459e-05
7.23589 5.6982e-05
7.24638 2.95639e-05
7.25689 7.31945e-05
7.26744 0.000174046
7.27802 9.91821e-05
7.28863 0.00012207
7.29927 0.000178814
7.30994 0.000105619
7.32064 0.00010252
7.33138 6.65188e-05
7.34214 0.000226498
7.35294 0.00014472
7.36377 0.000140429
7.37463 6.19888e-05
7.38552 9.5129e-05
7.39645 0.000219107
7.40741 0.000147819
7.4184 9.29832e-05
7.42942 0.000104427
7.44048 0.000168323
7.45156 0.000155687
7.46269 0.000302792
7.47384 7.24792e-05
7.48503 9.89437e-05
7.49625 6.77109e-05
7.50751 0.00012517
7.5188 0.000173807
7.53012 0.000130892
7.54148 1.14441e-05
7.55287 5.22137e-05
7.5643 9.17911e-05
7.57576 3.09944e-05
7.58725 0.000120163
7.59878 0.000193596
7.61035 9.63211e-05
7.62195 0.000146151
7.63359 0.000135422
7.64526 0.00027132
7.65697 0.000106811
7.66871 9.77516e-05
7.68049 9.44138e-05
7.69231 0.000102282
7.70416 5.4121e-05
7.71605 0.000116825
7.72798 8.86917e-05
7.73994 0.000139713
7.75194 4.93527e-05
7.76398 8.29697e-05
7.77605 9.63211e-05
7.78816 0.000125408
7.80031 4.50611e-05
7.8125 0.000117779
7.82473 4.95911e-05
7.83699 6.05583e-05
7.84929 0.000108957
7.86164 6.91414e-05
7.87402 0.000164509
7.88644 0.000194788
7.89889 0.000210762
7.91139 7.05719e-05
7.92393 0.000146151
7.93651 0.00010109
7.94913 0.000147104
7.96178 0.000110388
7.97448 7.41482e-05
7.98722 9.94206e-05
8 0.000111818
8.01282 0.000146627
8.02568 0.000133991
8.03859 9.34601e-05
8.05153 0.000147819
8.06452 0.000132084
8.07754 8.39233e-05
8.09061 0.000166416
8.10373 4.41074e-05
8.11688 8.84533e-05
8.13008 3.05176e-05
8.14332 6.8903e-05
8.15661 6.55651e-05
8.16993 8.98838e-05
8.18331 7.24792e-05
8.19672 6.69956e-05
8.21018 0.000125885
8.22368 0.00015378
8.23723 0.000104666
8.25083 0.000144005
8.26446 0.000151157
8.27815 8.24928e-05
8.29187 8.74996e-05
8.30565 2.88487e-05
8.31947 7.43866e-05
8.33333 7.48634e-05
8.34725 0.000135422
8.3612 3.19481e-05
8.37521 0.000150204
8.38926 0.000158071
8.40336 0.000164032
8.41751 0.000100374
8.4317 0.000104427
8.44595 3.74317e-05
8.46024 0.00025773
8.47458 0.000154495
8.48896 4.69685e-05
8.5034 0.000155687
8.51789 0.000190735
8.53242 5.26905e-05
8.54701 0.000100851
8.56164 0.00013876
8.57633 0.000152826
8.59107 8.08239e-05
8.60585 7.29561e-05
8.62069 0.0001266
8.63558 8.46386e-05
8.65052 2.43187e-05
8.66551 0.000204086
8.68056 0.000279427
8.69565 0.000106096
8.7108 0.000183582
8.726 0.000155449
8.74126 0.000203371
8.75657 0.000184059
8.77193 0.000125885
8.78735 0.000148773
8.80282 0.000158787
8.81834 4.60148e-05
8.83392 4.50611e-05
8.84956 0.000114441
8.86525 7.67708e-05
8.88099 6.24657e-05
8.8968 0.000241518
8.91266 0.000135422
8.92857 0.000142813
8.94454 0.00017333
8.96057 0.000176907
8.97666 0.000198126
8.99281 0.000103951
9.00901 0.000108719
9.02527 7.72476e-05
9.04159 0.000138044
9.05797 0.000132561
9.07441 0.000186443
9.09091 9.03606e-05
9.10747 9.5129e-05
9.12409 5.19753e-05
9.14077 0.000251293
9.15751 0.000133276
9.17431 0.000167131
9.19118 5.03063e-05
9.2081 4.22001e-05
9.22509 3.57628e-05
9.24214 9.94206e-05
9.25926 0.000143766
9.27644 7.86781e-05
9.29368 0.00028944
9.31099 0.000108004
9.32836 0.000120878
9.34579 2.57492e-05
9.3633 9.91821e-05
9.38086 0.000171185
9.3985 0.000221491
9.4162 0.000201941
9.43396 0.000186682
9.4518 0.00016427
9.4697 6.58035e-05
9.48767 0.000188589
9.5057 0.000106811
9.52381 0.000100613
9.54198 0.000188112
9.56023 0.0001688
9.57854 0.000157833
9.59693 0.000160694
9.61538 9.75132e-05
9.63391 5.29289e-05
9.65251 2.76566e-05
9.67118 0.000251532
9.68992 7.03335e-05
9.70874 0.00028944
9.72763 0.000254154
9.74659 0.000214577
9.76562 0.000310898
9.78474 0.000227928
9.80392 0.00011301
9.82318 8.39233e-05
9.84252 0.000211954
9.86193 9.17911e-05
9.88142 4.22001e-05
9.90099 0.000123262
9.92063 0.000201941
9.94036 0.000132799
9.96016 0.00028944
9.98004 0.000278473
10 0.000106335
10.02 4.673e-05
10.0402 0.000137329
10.0604 0.000138521
10.0806 0.000122786
10.101 0.000151634
10.1215 0.000303507
10.142 0.00026226
10.1626 0.000158548
10.1833 0.000128746
10.2041 0.000327826
10.2249 0.000279427
10.2459 0.000258923
10.2669 0.000172854
10.2881 0.000130415
10.3093 0.000163317
10.3306 0.00028038
10.352 0.000178814
10.3734 0.000352144
10.395 8.51154e-05
10.4167 8.03471e-05
10.4384 9.91821e-05
10.4603 0.00015831
10.4822 0.000166416
10.5042 0.000145674
10.5263 0.000305176
10.5485 0.000259161
10.5708 0.000132561
10.5932 9.20296e-05
10.6157 0.000147104
10.6383 0.000196695
10.661 0.000204086
10.6838 0.000217915
10.7066 0.000169992
10.7296 0.000175238
10.7527 0.000463247
10.7759 7.48634e-05
10.7991 0.000553846
10.8225 0.000155926
10.846 1.47819e-05
10.8696 0.000233412
10.8932 0.000165701
10.917 0.000211
10.9409 0.000137091
10.9649 8.82149e-05
10.989 0.000121117
11.0132 8.24928e-05
11.0375 0.00013876
11.0619 0.00025773
11.0865 0.000144243
11.1111 0.000103951
11.1359 0.000326157
11.1607 0.000255823
11.1857 0.000123262
11.2108 0.000291348
11.236 0.000310898
11.2613 0.000155211
11.2867 0.000303745
11.3122 0.000228167
11.3379 0.000179529
11.3636 0.000313997
11.3895 0.000261068
11.4155 0.000184774
11.4416 0.000298262
11.4679 0.000116825
11.4943 0.000131845
11.5207 0.000103712
11.5473 0.000109911
11.5741 0.000169754
11.6009 0.000284672
11.6279 0.000237227
11.655 0.000388622
11.6822 0.000317812
11.7096 0.000430584
11.7371 0.000235558
11.7647 0.000253677
11.7925 0.000341177
11.8203 0.000461578
11.8483 0.000303268
11.8765 0.000448465
11.9048 0.000262022
11.9332 0.000195026
11.9617 0.000233173
11.9904 0.000270844
12.0192 0.000587463
12.0482 0.000551939
12.0773 0.000147343
12.1065 5.14984e-05
12.1359 0.000224829
12.1655 0.000335217
12.1951 0.000227213
12.2249 0.000551224
12.2549 0.000193834
12.285 0.000688791
12.3153 0.000771999
12.3457 0.00018692
12.3762 0.000569582
12.4069 0.000697374
12.4378 0.000373363
12.4688 0.000481606
12.5 0.000459194
12.5313 0.000254393
12.5628 2.0504e-05
12.5945 0.000239372
12.6263 0.00026226
12.6582 0.000230074
12.6904 0.000511408
12.7226 0.000235319
12.7551 0.000427723
12.7877 0.000245571
12.8205 0.000121117
12.8535 0.000469446
12.8866 0.000578403
12.9199 0.00039649
12.9534 0.000261545
12.987 0.000255346
13.0208 0.00026226
13.0548 0.00028038
13.089 0.000327587
13.1234 0.00040102
13.1579 0.000162363
13.1926 0.000423431
13.2275 0.000658751
13.2626 0.000384569
13.2979 0.000335932
13.3333 0.000453711
13.369 0.000258684
13.4048 0.000415325
13.4409 0.000286579
13.4771 0.000401974
13.5135 0.000296593
13.5501 6.69956e-05
13.587 0.000327349
13.624 0.000383139
13.6612 -5.10216e-05
13.6986 0.00030303
13.7363 0.000455618
13.7741 0.000397205
13.8122 0.00030303
13.8504 0.000416517
13.8889 0.000326872
13.9276 0.000593662
13.9665 0.000165224
14.0056 0.000469685
14.0449 0.000305891
14.0845 0.000352144
14.1243 0.000315905
14.1643 8.44002e-05
14.2045 0.000505209
14.245 8.86917e-05
14.2857 0.000388861
14.3266 0.000723124
14.3678 0.000538111
14.4092 0.000302553
14.4509 0.000768661
14.4928 0.000639915
14.5349 8.32081e-05
14.5773 0.000173569
14.6199 0.000555992
14.6628 0.000425816
14.7059 1.69277e-05
14.7493 0.000439644
14.7929 0.00033617
14.8368 0.000434875
14.881 0.000643492
14.9254 0.000911951
14.9701 0.0010066
15.015 0.00049305
15.0602 0.000196218
15.1057 0.000282049
15.1515 0.000342846
15.1976 0.00022316
15.2439 0.000294208
15.2905 0.00040555
15.3374 0.000612497
15.3846 0.00130606
15.4321 0.000688553
15.4799 0.0001688
15.528 0.000710964
15.5763 0.000303984
15.625 0.000360727
15.674 0.00066781
15.7233 0.000249386
15.7729 0.000320673
15.8228 0.000573158
15.873 0.000304222
15.9236 0.000720263
15.9744 0.000956535
16.0256 0.000991345
16.0772 0.0009377
16.129 0.0006423
16.1812 0.000302553
16.2338 0.000248671
16.2866 8.39233e-05
16.3399 0.000697136
16.3934 0.00102472
16.4474 0.000536203
16.5017 0.000604868
16.5563 0.000492573
16.6113 0.000453234
16.6667 0.00175095
16.7224 0.000395298
16.7785 0.000747204
16.835 0.000521421
16.8919 0.00116277
16.9492 0.00140738
17.0068 0.00112152
17.0648 0.00106168
17.1233 0.000751257
17.1821 0.000377655
17.2414 0.00128865
17.301 0.00113654
17.3611 -5.50747e-05
17.4216 0.000699043
17.4825 0.000621796
17.5439 0.000470161
17.6056 0.00101042
17.6678 0.00054121
17.7305 5.98431e-05
17.7936 0.000855446
17.8571 0.000855923
17.9211 0.000351667
17.9856 0.000375748
18.0505 0.000509739
18.1159 0.0007236
18.1818 0.0004673
18.2482 0.000617027
18.315 0.00134969
18.3824 0.000237942
18.4502 0.00165057
18.5185 0.00159049
18.5874 0.000762701
18.6567 0.00131631
18.7266 0.000267029
18.797 0.000769854
18.8679 0.000675678
18.9394 0.000624895
19.0114 0.000779867
19.084 0.000958204
19.1571 0.0013206
19.2308 0.000465155
19.305 0.000200987
19.3798 0.00126672
19.4553 0.00163102
19.5312 0.000618458
19.6078 0.000662565
19.685 0.000661612
19.7628 0.0007689
19.8413 0.00100398
19.9203 0.000593185
20 0.000684023
20.0803 0.00179315
20.1613 0.00193644
20.2429 0.000579119
20.3252 0.000628948
20.4082 0.000619888
20.4918 0.0011797
20.5761 0.00158834
20.6612 0.000735044
20.7469 0.000684023
20.8333 0.000840664
20.9205 0.000279665
21.0084 0.000882387
21.097 0.0014286
21.1864 0.000928879
21.2766 0.00219345
21.3675 0.00213885
21.4592 0.00199437
21.5517 0.000410795
21.645 0.00219822
21.7391 0.00156403
21.8341 0.0010097
21.9298 0.00180721
22.0264 0.00249696
22.1239 0.00265837
22.2222 0.00189638
22.3214 0.00150442
22.4215 0.00314665
22.5225 0.00271606
22.6244 0.00203013
22.7273 0.00209093
22.8311 0.00127101
22.9358 0.00126028
23.0415 0.00141788
23.1481 0.001652
23.2558 0.00332069
23.3645 0.0027132
23.4742 0.00261903
23.5849 0.00223255
23.6967 0.00435042
23.8095 0.0125663
23.9234 -0.000781775
24.0385 0.00329948
24.1546 0.0060842
24.2718 0.000151634
24.3902 0.00673318
24.5098 0.00936055
24.6305 0.00816846
24.7525 0.00466323
24.8756 0.00276566
25 0.00215793
25.1256 0.0110693
25.2525 0.0235791
25.3807 0.013813
25.5102 0.00784445
25.641 0.00693226
25.7732 0.018404
25.9067 0.0338869
26.0417 0.0372484
26.178 0.0115678
26.3158 0.031141
26.455 0.00835514
26.5957 0.0284746
26.738 0.0906694
