1.28205 0.00108719
1.28238 0.00372624
1.28271 0.00258565
1.28304 0.00375652
1.28337 0.0020287
1.2837 0.00277829
1.28403 0.00209689
1.28436 0.00272012
1.28469 0.00319529
1.28502 0.00109506
1.28535 0.00311732
1.28568 0.00337172
1.28601 0.00224471
1.28634 0.00116634
1.28667 0.00220251
1.287 0.00291443
1.28733 0.00344968
1.28766 0.00404072
1.288 0.00169468
1.28833 0.00283456
1.28866 0.00448012
1.28899 0.00235796
1.28932 0.000965118
1.28966 0.00169301
1.28999 0.000434637
1.29032 0.00148773
1.29066 0.000826597
1.29099 0.00242877
1.29132 0.00250244
1.29166 0.00171304
1.29199 0.00430393
1.29232 0.00108504
1.29266 0.00556469
1.29299 0.00203586
1.29333 0.00394487
1.29366 0.000695944
1.294 0.00112939
1.29433 0.000936508
1.29467 0.00170326
1.295 0.00331736
1.29534 0.00173044
1.29567 0.00281978
1.29601 0.00252366
1.29634 0.00136661
1.29668 0.00280118
1.29702 0.00192475
1.29735 0.0010469
1.29769 0.00175166
1.29803 0.00153732
1.29836 0.00154972
1.2987 0.00422835
1.29904 0.00277328
1.29938 0.00176024
1.29971 0.00218725
1.30005 0.00389171
1.30039 0.00208998
1.30073 0.0021584
1.30107 0.0019753
1.30141 0.00162697
1.30174 0.00420427
1.30208 0.00468803
1.30242 0.0014987
1.30276 0.00346828
1.3031 0.00196743
1.30344 0.00188208
1.30378 0.00278974
1.30412 0.00183034
1.30446 0.00227475
1.3048 0.00296116
1.30514 0.000858069
1.30548 0.00290275
1.30582 0.00306964
1.30617 0.00241399
1.30651 0.00368285
1.30685 0.00296426
1.30719 0.00323439
1.30753 0.00428581
1.30787 0.00237536
1.30822 0.00204396
1.30856 0.000902414
1.3089 0.000405073
1.30924 0.000988007
1.30959 0.00415373
1.30993 0.00268817
1.31027 0.00340462
1.31062 0.000798464
1.31096 0.0019362
1.3113 0.00384855
1.31165 0.00215602
1.31199 0.00411439
1.31234 0.00416017
1.31268 0.00320983
1.31303 0.00495935
1.31337 0.0015738
1.31372 0.00101685
1.31406 0.00151992
1.31441 0.00242424
1.31475 0.00253129
1.3151 0.00212503
1.31544 0.00209403
1.31579 0.00264049
1.31614 0.0023973
1.31648 0.000727415
1.31683 0.00262856
1.31718 0.00360846
1.31752 0.00162053
1.31787 0.00245333
1.31822 0.00296617
1.31857 0.00171351
1.31891 0.00179291
1.31926 0.000418186
1.31961 0.00384617
1.31996 0.00209689
1.32031 0.00268722
1.32066 0.00283575
1.321 0.00174737
1.32135 0.00190473
1.3217 0.00186896
1.32205 0.00236916
1.3224 0.0013876
1.32275 0.000783682
1.3231 0.00133634
1.32345 0.00224042
1.3238 0.00156641
1.32415 0.0017159
1.3245 0.00317812
1.32485 0.0024178
1.32521 0.00281024
1.32556 0.00162744
1.32591 0.00247145
1.32626 0.00374055
1.32661 0.00171518
1.32696 0.000463963
1.32732 0.00174618
1.32767 0.00092721
1.32802 0.00366712
1.32837 0.00125718
1.32873 0.00146413
1.32908 0.00140262
1.32943 0.00177479
1.32979 0.000911474
1.33014 0.00156522
1.33049 0.0022707
1.33085 0.000625372
1.3312 0.00169444
1.33156 0.00349569
1.33191 0.00136328
1.33227 0.000613213
1.33262 0.00199032
1.33298 0.00213504
1.33333 0.0015285
1.33369 0.00271058
1.33404 0.00167513
1.3344 0.000363588
1.33476 0.000840664
1.33511 0.00223851
1.33547 0.00290847
1.33583 0.00357318
1.33618 0.00325823
1.33654 0.00227785
1.3369 0.00418448
1.33726 0.001055
1.33761 0.00186372
1.33797 0.00128818
1.33833 0.00310922
1.33869 0.00277495
1.33905 0.0010972
1.33941 0.000978708
1.33976 0.00222564
1.34012 0.00279665
1.34048 0.000636339
1.34084 0.00153875
1.3412 0.00200367
1.34156 0.00120449
1.34192 0.00182843
1.34228 0.00227022
1.34264 0.00125909
1.343 0.0023334
1.34336 0.00266385
1.34372 0.00256205
1.34409 0.00157166
1.34445 0.00209737
1.34481 0.00243902
1.34517 0.0018115
1.34553 0.00163627
1.3459 0.000627279
1.34626 0.00304675
1.34662 0.00282955
1.34698 0.00115442
1.34735 0.00143695
1.34771 0.00187802
1.34807 0.0026722
1.34844 0.00159192
1.3488 0.000872612
1.34916 0.000339985
1.34953 0.00149608
1.34989 0.00416374
1.35026 0.0010066
1.35062 0.00210118
1.35099 0.0021708
1.35135 0.00221324
1.35172 0.00130796
1.35208 0.00131416
1.35245 0.000761032
1.35281 0.00158215
1.35318 0.00241232
1.35355 0.00264764
1.35391 0.00129914
1.35428 0.000972509
1.35465 0.00306988
1.35501 0.00138497
1.35538 0.00102162
1.35575 0.00205398
1.35612 0.00225472
1.35648 0.00304508
1.35685 0.00206208
1.35722 0.00249744
1.35759 0.00250459
1.35796 0.00301933
1.35833 0.00395417
1.3587 0.00277686
1.35906 0.000503063
1.35943 0.00178862
1.3598 0.00248051
1.36017 0.000406027
1.36054 0.00270867
1.36091 0.00393152
1.36129 0.00139356
1.36166 0.00151682
1.36203 0.00112772
1.3624 0.00267267
1.36277 0.0028379
1.36314 0.00146985
1.36351 0.00166869
1.36388 0.00184727
1.36426 0.000444651
1.36463 0.00150609
1.365 0.00270581
1.36537 0.00185657
1.36575 0.00140762
1.36612 0.00142193
1.36649 0.00220513
1.36687 0.00291944
1.36724 0.00173807
1.36761 0.00133371
1.36799 0.000903606
1.36836 0.00243688
1.36874 0.00115609
1.36911 0.00271797
1.36949 0.000533581
1.36986 0.00378609
1.37024 0.00369477
1.37061 0.00183654
1.37099 0.00239396
1.37137 0.00136971
1.37174 0.00156331
1.37212 0.00120878
1.3725 0.000302315
1.37287 0.000948429
1.37325 0.00209856
1.37363 0.00279307
1.374 0.00209832
1.37438 0.000383377
1.37476 0.00152803
1.37514 0.00291896
1.37552 0.00327754
1.37589 0.00238872
1.37627 0.0009799
1.37665 0.00140333
1.37703 0.00211024
1.37741 0.000612974
1.37779 0.00229359
1.37817 0.00286937
1.37855 0.00106621
1.37893 0.00288749
1.37931 0.00100636
1.37969 0.000902414
1.38007 0.00142336
1.38045 0.00134087
1.38083 0.000971079
1.38122 0.00087142
1.3816 0.00306225
1.38198 0.00209069
1.38236 0.00155044
1.38274 0.000447989
1.38313 0.00182152
1.38351 0.00155187
1.38389 0.0014174
1.38427 0.00210214
1.38466 0.00101996
1.38504 0.0013411
1.38543 0.00231862
1.38581 0.00146103
1.38619 0.00171208
1.38658 0.00255609
1.38696 0.00130057
1.38735 0.00105643
1.38773 0.00306034
1.38812 0.00323129
1.3885 0.00111389
1.38889 0.000793934
1.38927 0.00214505
1.38966 0.000935316
1.39005 0.00257826
1.39043 0.00221062
1.39082 0.000675201
1.39121 0.00192928
1.39159 0.00139165
1.39198 0.00259113
1.39237 0.00258326
1.39276 0.00110841
1.39315 0.00158739
1.39353 0.00250602
1.39392 0.00305271
1.39431 0.00108814
1.3947 0.000963688
1.39509 0.00193357
1.39548 0.000768423
1.39587 0.000266314
1.39626 0.00270677
1.39665 0.00189614
1.39704 0.00184774
1.39743 0.00310588
1.39782 0.00165725
1.39821 0.000170469
1.3986 0.0013442
1.39899 0.00105476
1.39938 0.00111747
1.39978 0.000798941
1.40017 0.001858
1.40056 0.00243306
1.40095 0.00212002
1.40135 0.000480175
1.40174 0.000316143
1.40213 0.00147104
1.40252 0.00200987
1.40292 0.000948429
1.40331 0.000897646
1.40371 0.00106263
1.4041 0.00235033
1.40449 0.0019412
1.40489 0.000740766
1.40528 0.000247955
1.40568 0.00109673
1.40607 0.00156975
1.40647 0.00119615
1.40687 0.00151515
1.40726 0.0013907
1.40766 0.00143647
1.40805 0.00174403
1.40845 0.00232554
1.40885 0.000824451
1.40924 0.00235915
1.40964 0.0022316
1.41004 0.00212336
1.41044 0.00180793
1.41084 0.000925541
1.41123 0.0017221
1.41163 0.000694275
1.41203 0.000860691
1.41243 0.00279975
1.41283 0.00112772
1.41323 0.00132942
1.41363 0.00109458
1.41403 0.000959635
1.41443 0.000883818
1.41483 0.00135756
1.41523 0.00104165
1.41563 0.00157046
1.41603 0.00265265
1.41643 0.00172472
1.41683 0.000590801
1.41723 0.00152564
1.41764 0.00216413
1.41804 0.00138593
1.41844 0.000373125
1.41884 0.00133157
1.41924 0.002249
1.41965 0.00243044
1.42005 0.000442505
1.42045 0.000663519
1.42086 0.000888586
1.42126 0.000990868
1.42167 0.00119352
1.42207 0.000522852
1.42248 0.00103426
1.42288 0.00101638
1.42328 0.0020802
1.42369 0.00110197
1.4241 0.0019691
1.4245 0.000548363
1.42491 0.00175452
1.42531 0.00161767
1.42572 0.00134253
1.42613 0.000461817
1.42653 0.00108218
1.42694 0.00114369
1.42735 0.00188565
1.42776 0.00199819
1.42816 0.00119281
1.42857 0.00179028
1.42898 0.00142479
1.42939 0.000261307
1.4298 0.00147653
1.43021 0.00171494
1.43062 0.000560284
1.43102 0.00169635
1.43143 0.000723839
1.43184 0.00264668
1.43225 0.00106025
1.43266 0.000590801
1.43308 0.00210428
1.43349 0.0006001
1.4339 0.000450373
1.43431 0.000927448
1.43472 0.00144672
1.43513 0.00027132
1.43554 0.0017786
1.43596 0.00144792
1.43637 7.7486e-05
1.43678 0.00172281
1.43719 0.000784159
1.43761 0.00100374
1.43802 0.00173187
1.43843 0.000586033
1.43885 0.000967741
1.43926 0.00113821
1.43968 0.00139809
1.44009 0.00119734
1.44051 0.00152039
1.44092 0.000772238
1.44134 0.000193834
1.44175 0.00170755
1.44217 0.00123024
1.44259 0.00195146
1.443 2.31266e-05
1.44342 0.000270367
1.44383 0.00207543
1.44425 0.000813484
1.44467 0.00163961
1.44509 0.000917912
1.4455 0.000605345
1.44592 0.00109839
1.44634 0.00204134
1.44676 0.000816584
1.44718 0.00096631
1.4476 0.00203443
1.44802 0.00166249
1.44844 0.000807762
1.44886 0.00103545
1.44928 0.000631094
1.4497 0.000786543
1.45012 0.000296116
1.45054 0.00130725
1.45096 0.000921726
1.45138 0.000858784
1.4518 0.00117207
1.45222 0.00101304
1.45264 0.000208616
1.45307 0.000576019
1.45349 0.00131154
1.45391 0.00100303
1.45433 0.000844002
1.45476 0.00155377
1.45518 0.00161076
1.4556 0.00108981
1.45603 0.00279927
1.45645 0.000629902
1.45688 0.000532627
1.4573 0.00110102
1.45773 0.00145459
1.45815 0.000929356
1.45858 0.000629187
1.459 0.00117397
1.45943 0.00131607
1.45985 0.00128961
1.46028 0.00144601
1.46071 0.000443935
1.46113 0.000797272
1.46156 0.00138378
1.46199 0.000790358
1.46242 0.00086379
1.46284 0.00152254
1.46327 0.00151515
1.4637 0.00110984
1.46413 0.00084734
1.46456 0.00183082
1.46499 0.000758886
1.46542 0.0022049
1.46585 0.000175714
1.46628 0.00164628
1.46671 0.000929833
1.46714 0.000662804
1.46757 0.00134659
1.468 0.00265265
1.46843 0.000790358
1.46886 0.00132251
1.46929 0.00120568
1.46972 0.000615835
1.47016 0.000752687
1.47059 0.000535726
1.47102 0.000948667
1.47145 0.00107384
1.47189 0.000923872
1.47232 0.000882149
1.47275 0.00158048
1.47319 0.00141501
1.47362 0.000144482
1.47406 0.00115085
1.47449 0.000893354
1.47493 0.00127816
1.47536 0.00195718
1.4758 0.000420332
1.47623 0.00208735
1.47667 0.000398636
1.4771 0.00169134
1.47754 0.00118613
1.47798 0.000768661
1.47842 0.00121617
1.47885 0.000789404
1.47929 0.000785112
1.47973 0.00145292
1.48017 0.000701904
1.4806 0.00149512
1.48104 0.000527382
1.48148 0.000555992
1.48192 0.000815153
1.48236 0.000600815
1.4828 0.000541449
1.48324 0.000650406
1.48368 0.000921488
1.48412 0.000457525
1.48456 0.000927687
1.485 0.000897646
1.48544 0.00135088
1.48588 0.0003407
1.48633 0.00119782
1.48677 0.000661135
1.48721 0.000593185
1.48765 0.000465631
1.4881 0.000957251
1.48854 0.000267267
1.48898 0.000574112
1.48943 0.000887394
1.48987 0.000917196
1.49031 0.00119925
1.49076 0.000718117
1.4912 0.000993729
1.49165 0.0013032
1.49209 0.00187826
1.49254 0.00128555
1.49298 0.00119758
1.49343 0.00165057
1.49388 0.003407
1.49432 0.00237131
1.49477 0.00133467
1.49522 0.00327969
1.49566 0.00371695
1.49611 0.0032258
1.49656 0.00378442
1.49701 0.00405717
1.49745 0.00465465
1.4979 0.0050056
1.49835 0.0052321
1.4988 0.00621367
1.49925 0.00663781
1.4997 0.00771403
1.50015 0.00705862
1.5006 0.00835109
1.50105 0.00840092
1.5015 0.00682545
1.50195 0.00867724
1.5024 0.00933528
1.50286 0.00943923
1.50331 0.00987482
1.50376 0.0102749
1.50421 0.0119662
1.50466 0.0112269
1.50512 0.0110495
1.50557 0.0125542
1.50602 0.0134141
1.50648 0.012574
1.50693 0.0122962
1.50739 0.0134439
1.50784 0.013346
1.5083 0.0134914
1.50875 0.0141184
1.50921 0.0135944
1.50966 0.0130832
1.51012 0.0142
1.51057 0.0139196
1.51103 0.0133414
1.51149 0.0136337
1.51194 0.0135791
1.5124 0.0125804
1.51286 0.0142674
1.51332 0.0128593
1.51378 0.0122583
1.51423 0.0121527
1.51469 0.00965095
1.51515 0.0103555
1.51561 0.00962186
1.51607 0.00995207
1.51653 0.00906348
1.51699 0.00835586
1.51745 0.00834036
1.51791 0.00706768
1.51837 0.00760174
1.51883 0.0059433
1.5193 0.00637698
1.51976 0.00599623
1.52022 0.00462437
1.52068 0.00498843
1.52114 0.00368857
1.52161 0.00377417
1.52207 0.0039258
1.52253 0.00298428
1.523 0.00274348
1.52346 0.00288486
1.52393 0.00250006
1.52439 0.00268102
1.52486 0.0020833
1.52532 0.00208259
1.52579 0.00170183
1.52625 0.00151658
1.52672 0.000953197
1.52718 0.00227428
1.52765 0.000787973
1.52812 0.000951767
1.52858 0.00057888
1.52905 0.00041604
1.52952 0.00118256
1.52999 0.00158739
1.53046 0.000426531
1.53092 0.000907421
1.53139 0.000938177
1.53186 0.000614643
1.53233 0.000633478
1.5328 0.000822067
1.53327 0.000700474
1.53374 0.000462055
1.53421 0.000935554
1.53468 0.000861645
1.53516 0.0015471
1.53563 0.000832319
1.5361 0.000183582
1.53657 0.000274897
1.53704 0.000694036
1.53752 0.000218868
1.53799 7.55787e-05
1.53846 0.00102448
1.53894 0.000408411
1.53941 0.000455141
1.53988 0.000542641
1.54036 0.000272274
1.54083 0.000509739
1.54131 0.000429869
1.54178 0.000851154
1.54226 0.000952244
1.54273 0.000440597
1.54321 0.000985861
1.54369 0.0012033
1.54416 0.00098753
1.54464 0.00108504
1.54512 0.000840425
1.5456 0.000648022
1.54607 0.00102902
1.54655 0.00125909
1.54703 0.00117564
1.54751 0.000597954
1.54799 0.000660896
1.54847 0.000225067
1.54895 0.00112128
1.54943 0.000975132
1.54991 0.000247955
1.55039 0.000289679
1.55087 0.000889301
1.55135 0.000925302
1.55183 0.000663042
1.55231 0.000645638
1.5528 0.000958681
1.55328 0.000644684
1.55376 0.00175166
1.55424 0.000632525
1.55473 0.000732899
1.55521 0.00168252
1.55569 0.000497341
1.55618 0.000652552
1.55666 0.000747919
1.55715 0.00048399
1.55763 0.000822544
1.55812 0.000529289
1.5586 0.000962257
1.55909 0.00101948
1.55958 0.000527859
1.56006 7.58171e-05
1.56055 0.000432253
1.56104 0.00100803
1.56152 0.000733852
1.56201 0.000578403
1.5625 0.00117779
1.56299 0.000449419
1.56348 0.000417948
1.56397 0.000637054
1.56446 0.000812769
1.56495 0.000482082
1.56544 0.000450611
1.56593 0.000766993
1.56642 0.000852108
1.56691 0.00150561
1.5674 0.000678301
1.56789 0.000472546
1.56838 0.000823975
1.56887 0.00107145
1.56937 0.000975609
1.56986 0.000220299
1.57035 0.000548601
1.57085 0.000840187
1.57134 0.00056386
1.57183 0.000436068
1.57233 0.00106883
1.57282 0.000659227
1.57332 8.53538e-05
1.57381 0.000422955
1.57431 0.000122547
1.5748 0.000337601
1.5753 0.000471353
1.5758 0.000296354
1.57629 0.000887155
1.57679 0.000714779
1.57729 0.00138259
1.57778 0.000517368
1.57828 0.000677824
1.57878 0.00120688
1.57928 0.000125647
1.57978 0.000206709
1.58028 0.000776053
1.58078 0.000697374
1.58128 0.000262737
1.58178 0.000114202
1.58228 0.00088501
1.58278 0.000810623
1.58328 0.000317097
1.58378 0.000320435
1.58428 0.000585556
1.58479 0.000600338
1.58529 0.00065136
1.58579 0.000746727
1.58629 0.00122404
1.5868 0.000669718
1.5873 0.000448465
1.58781 0.00110984
1.58831 0.000829697
1.58881 0.00101733
1.58932 0.00119519
1.58983 0.00154281
1.59033 0.000942945
1.59084 0.00084424
1.59134 0.000970602
1.59185 0.000543594
1.59236 0.000421047
1.59286 0.00129819
1.59337 0.00178695
1.59388 0.000718832
1.59439 0.0001719
1.5949 8.03471e-05
1.59541 0.000262976
1.59591 0.000388145
1.59642 0.000533819
1.59693 0.00029254
1.59744 0.000311136
1.59795 0.000149965
1.59847 0.000395298
1.59898 0.000442743
1.59949 0.000669479
1.6 0.000497818
1.60051 0.000421047
1.60102 0.000869751
1.60154 0.000398636
1.60205 0.00151372
1.60256 0.0011611
1.60308 0.000413179
1.60359 0.00147152
1.60411 0.0009799
1.60462 0.00104046
1.60514 0.000548124
1.60565 0.00113893
1.60617 0.00107837
1.60668 0.00100708
1.6072 0.000768185
1.60772 0.0011797
1.60823 0.000768185
1.60875 0.000622511
1.60927 0.00042057
1.60979 0.00105309
1.61031 0.000568151
1.61082 0.000377655
1.61134 0.00102186
1.61186 0.000384808
1.61238 0.000432491
1.6129 0.00093174
1.61342 0.000810623
1.61394 0.000557661
1.61447 0.000741959
1.61499 0.000517607
1.61551 0.00022769
1.61603 0.000150442
1.61655 0.000158071
1.61708 0.000407934
1.6176 0.000891209
1.61812 0.000580788
1.61865 0.000663757
1.61917 0.000953436
1.6197 0.00100756
1.62022 0.000936031
1.62075 0.000649929
1.62127 0.000475884
1.6218 0.000177145
1.62232 0.000852823
1.62285 0.000529289
1.62338 0.000443697
1.6239 0.00101805
1.62443 0.000662088
1.62496 0.000188828
1.62549 0.000893593
1.62602 0.00109696
1.62655 0.00077486
1.62707 0.000735998
1.6276 0.000539064
1.62813 0.000758171
1.62866 0.000442743
1.6292 0.000602961
1.62973 0.000402689
1.63026 0.00115466
1.63079 0.000519514
1.63132 0.000305891
1.63185 0.00094986
1.63239 0.000687599
1.63292 0.001369
1.63345 0.000227928
1.63399 0.00126076
1.63452 0.00111294
1.63506 0.00122642
1.63559 0.000661612
1.63613 0.00125861
1.63666 0.00110602
1.6372 0.000596046
1.63773 0.000795364
1.63827 0.000733376
1.63881 0.00125384
1.63934 0.000204325
1.63988 0.000495911
1.64042 0.000397921
1.64096 0.000724554
1.6415 0.000410557
1.64204 0.000303984
1.64258 0.00054431
1.64312 0.000480413
1.64366 0.000156164
1.6442 0.00067687
1.64474 0.000936508
1.64528 0.00047493
1.64582 0.00100064
1.64636 0.000487566
1.6469 0.00081253
1.64745 0.00163794
1.64799 0.00106597
1.64853 0.00091505
1.64908 0.000724792
1.64962 0.000364304
1.65017 0.000282288
1.65071 0.000574589
1.65125 0.000850201
1.6518 0.00045538
1.65235 0.000314951
1.65289 0.000421762
1.65344 0.000577211
1.65399 0.000598431
1.65453 0.000509024
1.65508 0.00109911
1.65563 0.0011816
1.65618 0.000668049
1.65673 0.000606775
1.65728 0.000831842
1.65782 0.000343323
1.65837 0.000371456
1.65893 0.000702143
1.65948 0.000657797
1.66003 0.000763416
1.66058 0.00156593
1.66113 0.000582457
1.66168 0.00086093
1.66223 0.000721455
1.66279 0.000845671
1.66334 0.000691652
1.66389 0.000995159
1.66445 0.000658274
1.665 0.000572443
1.66556 0.000602961
1.66611 0.000396729
1.66667 0.000284433
1.66722 0.000760794
1.66778 0.000224352
1.66834 0.000640631
1.66889 0.000274181
1.66945 0.000478744
1.67001 0.000472546
1.67056 0.00115943
1.67112 0.000490189
1.67168 0.000971079
1.67224 0.00105095
1.6728 0.000464439
1.67336 0.000922203
1.67392 0.00105071
1.67448 0.000516653
1.67504 0.000950336
1.6756 0.000916719
1.67616 0.000147104
1.67673 0.000399113
1.67729 0.0014019
1.67785 0.000494242
1.67842 0.000462532
1.67898 0.000636101
1.67954 0.000878096
1.68011 0.00119376
1.68067 0.0006423
1.68124 0.000351191
1.6818 0.000546455
1.68237 0.000606298
1.68294 0.000432015
1.6835 0.000333548
1.68407 0.000421524
1.68464 0.000551939
1.6852 0.000435829
1.68577 0.000751018
1.68634 0.00137568
1.68691 0.00102854
1.68748 0.00107551
1.68805 0.00135875
1.68862 0.000760555
1.68919 0.000653744
1.68976 0.00100493
1.69033 0.000634432
1.6909 0.000589848
1.69147 0.00047183
1.69205 0.00164008
1.69262 0.000650406
1.69319 0.000878811
1.69377 0.000918865
1.69434 0.000848293
1.69492 0.000721931
1.69549 0.000679731
1.69607 0.000363112
1.69664 0.00140929
1.69722 0.000619888
1.69779 0.00157523
1.69837 0.000454664
1.69895 0.000589848
1.69952 0.000742674
1.7001 0.00109434
1.70068 0.000733137
1.70126 0.000583649
1.70184 0.000207663
1.70242 0.00151587
1.703 0.00150704
1.70358 0.000935078
1.70416 0.0016377
1.70474 0.000585556
1.70532 0.000717402
1.7059 0.000985384
1.70648 0.00141907
1.70707 0.00034523
1.70765 0.000961781
1.70823 0.00108075
1.70882 0.000498295
1.7094 0.00164056
1.70999 0.000162125
1.71057 0.000336885
1.71116 0.00071311
1.71174 0.000734568
1.71233 0.00170016
1.71292 0.00100374
1.7135 0.00167155
1.71409 0.00193548
1.71468 0.0013361
1.71527 0.00172543
1.71585 0.000917673
1.71644 0.000302076
1.71703 0.000852108
1.71762 0.00111437
1.71821 0.00126338
1.7188 0.000914335
1.71939 0.000803471
1.71999 0.000506401
1.72058 0.0012641
1.72117 0.00103617
1.72176 0.000566959
1.72236 0.000572205
1.72295 0.000395298
1.72354 0.00130105
1.72414 0.000608206
1.72473 0.00107527
1.72533 0.000537157
1.72592 0.00037384
1.72652 0.000579119
1.72712 0.000572443
1.72771 9.34601e-05
1.72831 0.00125432
1.72891 0.0018599
1.72951 0.00108671
1.7301 0.000720263
1.7307 0.000647306
1.7313 0.00100708
1.7319 0.00128651
1.7325 0.00120711
1.7331 0.000431538
1.7337 0.000895262
1.7343 0.00102448
1.73491 0.00079298
1.73551 0.000202179
1.73611 0.00135612
1.73671 0.00217247
1.73732 0.0014677
1.73792 0.000439644
1.73853 0.00106764
1.73913 0.000668287
1.73974 0.000123978
1.74034 0.000639677
1.74095 0.00137019
1.74155 0.000643492
1.74216 0.00193334
1.74277 0.00156212
1.74338 0.00173068
1.74398 0.00041604
1.74459 0.000762939
1.7452 0.000829697
1.74581 0.000720024
1.74642 0.00091815
1.74703 0.00108743
1.74764 9.98974e-05
1.74825 0.000338316
1.74886 0.000440836
1.74948 0.00111055
1.75009 0.000431061
1.7507 0.000866413
1.75131 0.0013876
1.75193 0.00138545
1.75254 0.000360251
1.75316 0.00117755
1.75377 0.00122285
1.75439 0.000718832
1.755 0.000613689
1.75562 0.000374794
1.75623 0.00075531
1.75685 0.00133514
1.75747 0.00208521
1.75809 0.00188828
1.75871 0.000372887
1.75932 0.00131464
1.75994 8.03471e-05
1.76056 0.00191116
1.76118 0.00162315
1.7618 0.000150204
1.76243 0.000341654
1.76305 0.000982761
1.76367 0.000432253
1.76429 0.00175452
1.76491 0.0023365
1.76554 0.000711679
1.76616 0.00148249
1.76678 0.00121927
1.76741 0.00101876
1.76803 0.0012908
1.76866 0.00159764
1.76929 0.00285554
1.76991 0.00324225
1.77054 0.000621796
1.77117 0.00215912
1.77179 0.0014112
1.77242 0.000695705
1.77305 0.00250864
1.77368 0.00162029
1.77431 0.000784874
1.77494 0.00064683
1.77557 0.000984192
1.7762 0.00161362
1.77683 0.000451565
1.77746 0.00248718
1.77809 0.00195718
1.77873 0.0023911
1.77936 0.00212145
1.77999 0.000873804
1.78063 0.00165725
1.78126 0.00129723
1.7819 0.000925302
1.78253 0.00108862
1.78317 0.00164485
1.7838 0.00175571
1.78444 0.000500679
1.78508 0.00144482
1.78571 0.000983715
1.78635 0.000533819
1.78699 0.00165367
1.78763 0.00111651
1.78827 0.000148058
1.78891 0.000319481
1.78955 0.00167894
1.79019 0.000814676
1.79083 0.00036335
1.79147 0.00157547
1.79211 0.0011766
1.79276 0.00119829
1.7934 0.000654936
1.79404 0.000293732
1.79469 0.00189614
1.79533 0.000231743
1.79598 0.00184178
1.79662 0.000989437
1.79727 0.00243688
1.79791 0.00199437
1.79856 0.00245309
1.79921 0.00095129
1.79986 0.00178528
1.8005 0.00275278
1.80115 0.00133061
1.8018 0.00164223
1.80245 0.00185943
1.8031 0.00102568
1.80375 0.0018661
1.8044 0.00158811
1.80505 0.000344515
1.80571 0.00197339
1.80636 0.00189495
1.80701 0.00185132
1.80766 0.00206852
1.80832 0.000561476
1.80897 0.00167417
1.80963 0.000511169
1.81028 0.00154972
1.81094 0.00126314
1.81159 0.00145221
1.81225 0.0012064
1.81291 0.00128126
1.81357 0.000575066
1.81422 0.00128079
1.81488 0.000539541
1.81554 0.00143552
1.8162 0.00285792
1.81686 0.000905991
1.81752 0.00124121
1.81818 0.0026083
1.81884 0.00116682
1.81951 0.000318289
1.82017 0.000907659
1.82083 0.00164199
1.82149 0.00142884
1.82216 0.00067997
1.82282 0.000703096
1.82349 0.00101042
1.82415 0.00196505
1.82482 0.00196242
1.82548 0.00219202
1.82615 0.00198293
1.82682 0.00137758
1.82749 0.00181937
1.82815 0.00165367
1.82882 0.000222206
1.82949 0.00215268
1.83016 0.000629664
1.83083 0.00277782
1.8315 0.00105596
1.83217 0.000735521
1.83284 0.00232482
1.83352 0.00196099
1.83419 0.0020864
1.83486 0.00240922
1.83554 0.00312591
1.83621 0.00211024
1.83688 0.0026207
1.83756 0.00162291
1.83824 0.000292301
1.83891 0.00176692
1.83959 0.00209618
1.84026 0.000514984
1.84094 0.00133228
1.84162 0.000980854
1.8423 0.00207782
1.84298 0.00227618
1.84366 0.000771761
1.84434 0.000232458
1.84502 0.000887394
1.8457 0.000940084
1.84638 0.00245333
1.84706 0.00156665
1.84775 0.00245619
1.84843 0.00282002
1.84911 0.00170541
1.8498 0.000792503
1.85048 0.000693798
1.85117 0.00190186
1.85185 0.000246525
1.85254 0.00129986
1.85322 0.000698805
1.85391 0.000936031
1.8546 0.00172973
1.85529 0.0020535
1.85598 0.0018661
1.85667 0.00228143
1.85736 0.00247312
1.85805 0.00067997
1.85874 0.000749111
1.85943 0.00164413
1.86012 0.000612259
1.86081 0.00121236
1.8615 0.00115538
1.8622 0.00169683
1.86289 0.00244618
1.86359 0.000379562
1.86428 0.00120211
1.86498 0.00164652
1.86567 0.000580072
1.86637 0.00132394
1.86706 0.000128985
1.86776 0.000791788
1.86846 0.00122309
1.86916 0.00103664
1.86986 0.00168181
1.87056 0.00181293
1.87126 0.000755787
1.87196 0.00131392
1.87266 0.00203419
1.87336 0.00202966
1.87406 0.0016787
1.87477 0.0007236
1.87547 0.00101066
1.87617 0.0016551
1.87688 0.000934124
1.87758 0.000489712
1.87829 0.000767231
1.87899 0.000610113
1.8797 0.00138593
1.88041 0.00163412
1.88111 0.000686169
1.88182 0.00118733
1.88253 0.000626802
1.88324 0.000535488
1.88395 0.00107098
1.88466 0.000819683
1.88537 0.00193095
1.88608 0.000318289
1.88679 0.00306606
1.8875 0.00014472
1.88822 0.000641823
1.88893 0.00139451
1.88964 0.00120711
1.89036 0.000353813
1.89107 0.00145054
1.89179 0.0013957
1.89251 0.00149679
1.89322 0.00124574
1.89394 0.000638723
1.89466 0.000695944
1.89538 0.000459671
1.89609 0.000530958
1.89681 0.000669718
1.89753 0.000138283
1.89825 0.00171494
1.89897 0.00207829
1.8997 0.00163484
1.90042 0.00119543
1.90114 0.00137973
1.90186 0.000327826
1.90259 0.00193572
1.90331 0.000648022
1.90404 0.00105095
1.90476 0.00032258
1.90549 0.00175214
1.90621 0.000754118
1.90694 0.000613213
1.90767 0.00156355
1.9084 0.000737905
1.90913 0.00037241
1.90985 0.00102544
1.91058 0.00126433
1.91131 0.000825167
1.91205 0.000367641
1.91278 0.00113797
1.91351 0.00129175
1.91424 0.000724554
1.91498 0.00026226
1.91571 0.000182867
1.91644 0.000724316
1.91718 0.000859976
1.91791 0.00070858
1.91865 0.0003407
1.91939 0.000119448
1.92012 0.000435114
1.92086 0.000496626
1.9216 0.000534534
1.92234 0.000771999
1.92308 0.000606537
1.92382 0.000706673
1.92456 0.000872135
1.9253 0.00092721
1.92604 0.000469446
1.92678 0.000627756
1.92753 0.000963211
1.92827 0.000506878
1.92901 0.000391007
1.92976 0.000350475
1.9305 0.000638485
1.93125 0.000344992
1.93199 0.00119448
1.93274 0.000833988
1.93349 0.000740051
1.93424 0.000962019
1.93498 0.000694513
1.93573 0.000686884
1.93648 0.00028038
1.93723 0.000160933
1.93798 0.000494957
1.93874 0.000480175
1.93949 0.000588656
1.94024 0.000174522
1.94099 0.000618458
1.94175 0.000710964
1.9425 0.0001688
1.94326 0.000679731
1.94401 0.000725031
1.94477 0.00131106
1.94553 0.000197172
1.94628 0.000921249
1.94704 0.00122714
1.9478 0.000666141
1.94856 0.000641108
1.94932 0.000764608
1.95008 0.00109363
1.95084 0.000530243
1.9516 0.00102544
1.95236 0.000455141
1.95312 0.000464916
1.95389 0.000692606
1.95465 0.000258446
1.95542 0.000541925
1.95618 0.000467777
1.95695 0.000422716
1.95771 0.00065279
1.95848 0.000281572
1.95925 0.000635624
1.96002 0.000479937
1.96078 0.000776529
1.96155 0.000512361
1.96232 0.000952482
1.96309 0.000186205
1.96386 0.000696182
1.96464 0.000742912
1.96541 0.000224829
1.96618 0.00046587
1.96696 0.000509024
1.96773 0.000152588
1.9685 0.000280857
1.96928 0.000374079
1.97006 0.000202179
1.97083 0.000232935
1.97161 0.000472784
1.97239 0.000388861
1.97316 0.000257254
1.97394 0.000404358
1.97472 0.000388145
1.9755 0.000583172
1.97628 0.000416756
1.97707 0.000282526
1.97785 0.000321865
1.97863 0.00067091
1.97941 0.000210524
1.9802 0.000538588
1.98098 0.00075531
1.98177 0.000486612
1.98255 6.84261e-05
1.98334 0.00010252
1.98413 0.000393629
1.98491 0.000916243
1.9857 0.000417948
1.98649 0.000786543
1.98728 0.000424147
1.98807 0.000460863
1.98886 0.00050807
1.98965 0.000380993
1.99045 0.000110149
1.99124 0.000104666
1.99203 0.000279665
1.99283 0.000710249
1.99362 0.000448704
1.99442 0.000234366
1.99521 0.000373602
1.99601 0.000597
1.99681 0.000264406
1.9976 0.000375509
1.9984 0.000118971
1.9992 0.000828505
2 0.00103569
2.0008 0.00021553
2.0016 0.000142336
2.0024 0.000283241
2.00321 0.000322103
2.00401 0.000206947
2.00481 0.000149012
2.00562 0.000257254
2.00642 0.000526667
2.00723 0.000448227
2.00803 0.000229359
2.00884 0.000238419
2.00965 0.000220537
2.01045 0.000205755
2.01126 0.000410318
2.01207 0.000105143
2.01288 0.000553131
2.01369 0.00026083
2.0145 0.000190258
2.01532 0.000598192
2.01613 0.000756741
2.01694 0.000685215
2.01776 0.000333548
2.01857 0.000141621
2.01939 0.000193596
2.0202 0.000385523
2.02102 0.000558615
2.02184 0.00062108
2.02265 0.000297546
2.02347 0.000504017
2.02429 0.000572681
2.02511 0.000575542
2.02593 0.000647068
2.02675 0.000400543
2.02758 4.41074e-05
2.0284 0.000417471
2.02922 0.000507832
2.03004 0.00028038
2.03087 0.000590563
2.03169 0.000222683
2.03252 7.03335e-05
2.03335 0.000432253
2.03417 0.000129938
2.035 0.00045681
2.03583 0.000288963
2.03666 0.00060153
2.03749 0.000462294
2.03832 0.000123739
2.03915 0.000400066
2.03998 0.00067997
2.04082 0.000533819
2.04165 0.000320196
2.04248 0.000136137
2.04332 0.000257969
2.04415 0.000214577
2.04499 0.000429153
2.04583 0.00049758
2.04666 0.000239134
2.0475 0.00031352
2.04834 2.16961e-05
2.04918 0.000583649
2.05002 0.000602245
2.05086 3.40939e-05
2.0517 0.000743628
2.05255 0.000439405
2.05339 0.00035739
2.05423 0.000130653
2.05508 0.000486135
2.05592 0.000304937
2.05677 0.000181198
2.05761 0.000264168
2.05846 0.00065732
2.05931 0.00040555
2.06016 0.000422239
2.06101 0.000104189
2.06186 0.000160217
2.06271 0.000261545
2.06356 0.00019455
2.06441 0.000118017
2.06526 0.000228405
2.06612 0.000135422
2.06697 0.000210047
2.06782 0.000300884
2.06868 0.000187159
2.06954 0.000248909
2.07039 7.22408e-05
2.07125 0.000302792
2.07211 0.000424862
2.07297 0.000170708
2.07383 4.86374e-05
2.07469 0.00027132
2.07555 0.000169039
2.07641 0.000410318
2.07727 0.000116825
2.07814 0.000267506
2.079 0.000157356
2.07987 0.000343323
2.08073 0.00026536
2.0816 0.000179052
2.08247 2.98023e-05
2.08333 0.000140429
2.0842 0.000257015
2.08507 0.000223398
2.08594 0.000366926
2.08681 0.000234366
2.08768 0.000121355
2.08855 5.19753e-05
2.08943 0.000272036
2.0903 0.000178099
2.09118 0.00043726
2.09205 0.00033021
2.09293 0.000128031
2.0938 0.000243902
2.09468 4.02927e-05
2.09556 0.000155449
2.09644 0.000156164
2.09732 0.00010848
2.0982 0.000658751
2.09908 6.93798e-05
2.09996 0.00044632
2.10084 0.000155449
2.10172 0.000163555
2.10261 3.91006e-05
2.10349 0.000152111
2.10438 0.000202656
2.10526 0.000303984
2.10615 0.000175238
2.10704 8.72612e-05
2.10793 0.000178575
2.10881 0.000122309
2.1097 0.000180244
2.1106 0.000309706
2.11149 0.000272036
2.11238 0.000293732
2.11327 0.000141621
2.11416 0.000212431
2.11506 0.000243902
2.11595 0.000355959
2.11685 0.000418186
2.11775 0.000157356
2.11864 0.000163794
2.11954 0.000547886
2.12044 0.000286102
2.12134 0.00032568
2.12224 0.000219345
2.12314 0.000250339
2.12404 3.50475e-05
2.12495 0.000277758
2.12585 0.000295401
2.12675 0.000239611
2.12766 0.000259161
2.12857 0.000355482
2.12947 9.75132e-05
2.13038 0.000115871
2.13129 0.000184536
2.1322 0.000233173
2.13311 0.000166416
2.13402 0.000113249
2.13493 0.00011301
2.13584 0.000132322
2.13675 0.00010848
2.13767 0.000208616
2.13858 0.000307083
2.1395 0.000319004
2.14041 0.000225306
2.14133 0.000307322
2.14225 0.000374794
2.14316 7.31945e-05
2.14408 0.000302553
2.145 0.000162125
2.14592 0.000336647
2.14684 0.000199556
2.14777 0.000143528
2.14869 0.000118971
2.14961 0.000290871
2.15054 0.000209093
2.15146 6.1512e-05
2.15239 0.000113964
2.15332 0.00032568
2.15424 0.000239611
2.15517 0.000226975
2.1561 0.000468969
2.15703 0.000334263
2.15796 0.000189543
2.15889 0.000299215
2.15983 0.000365496
2.16076 0.000178575
2.16169 6.50883e-05
2.16263 0.000195026
2.16357 0.000123739
2.1645 0.000211239
2.16544 0.000207186
2.16638 0.000174046
2.16732 0.000215054
2.16826 7.12872e-05
2.1692 0.000210524
2.17014 9.53674e-05
2.17108 0.000138521
2.17202 0.000158548
2.17297 0.000102043
2.17391 0.000264645
2.17486 0.000205755
2.17581 0.000210047
2.17675 0.000388861
2.1777 0.000128269
2.17865 0.000263929
2.1796 0.000162363
2.18055 0.000211954
2.1815 0.00018549
2.18245 0.000153303
2.18341 9.29832e-05
2.18436 4.69685e-05
2.18531 0.00016427
2.18627 0.000210762
2.18723 0.000181198
2.18818 0.00010252
2.18914 0.00020051
2.1901 9.53674e-05
2.19106 0.00012064
2.19202 0.000310659
2.19298 0.000314951
2.19394 8.7738e-05
2.19491 0.000246763
2.19587 0.000171423
2.19684 0.000186205
2.1978 0.000217676
2.19877 0.000287533
2.19974 0.000100374
2.2007 0.000203133
2.20167 0.00033474
2.20264 0.00035286
2.20361 0.000191689
2.20459 0.000380754
2.20556 0.00015831
2.20653 0.000170469
2.20751 0.000121593
2.20848 0.000186682
2.20946 0.000160456
2.21043 0.000266552
2.21141 0.000112772
2.21239 0.000148296
2.21337 0.000156879
2.21435 0.000282049
2.21533 0.000248432
2.21631 9.29832e-05
2.21729 6.17504e-05
2.21828 0.000284433
2.21926 0.0002985
2.22025 0.000219584
2.22124 0.000118256
2.22222 0.000211
2.22321 9.48906e-05
2.2242 0.00017643
2.22519 0.00029707
2.22618 0.000236511
2.22717 0.00028491
2.22816 0.000382423
2.22916 0.000267744
2.23015 9.799e-05
2.23115 0.000105381
2.23214 0.000102997
2.23314 0.000146627
2.23414 0.000350475
2.23514 0.000238895
2.23614 0.000205517
2.23714 0.000258207
2.23814 0.000113487
2.23914 0.000128985
2.24014 0.000270605
2.24115 0.000187635
2.24215 0.000118971
2.24316 0.00021553
2.24417 0.000139475
2.24517 0.000125647
2.24618 0.000155926
2.24719 0.000249624
2.2482 7.39098e-05
2.24921 0.000191212
2.25023 6.74725e-05
2.25124 6.19888e-05
2.25225 0.000236034
2.25327 0.000214815
2.25428 6.07967e-05
2.2553 0.000166655
2.25632 0.000426531
2.25734 0.000217199
2.25836 0.00025487
2.25938 0.000109196
2.2604 0.000247955
2.26142 0.000138521
2.26244 6.91414e-05
2.26347 0.000211239
2.26449 0.000282288
2.26552 0.000153065
2.26655 0.000100136
2.26757 0.000103951
2.2686 3.21865e-05
2.26963 0.000143051
2.27066 0.000168085
2.27169 0.0002985
2.27273 0.000278711
2.27376 0.000302553
2.2748 0.000130892
2.27583 8.08239e-05
2.27687 0.000119448
2.2779 0.0001266
2.27894 0.000172138
2.27998 7.55787e-05
2.28102 8.03471e-05
2.28206 0.000252008
2.28311 0.000184059
2.28415 0.000189066
2.28519 0.00031805
2.28624 3.14713e-05
2.28728 0.000134945
2.28833 0.000174284
2.28938 0.000119924
2.29043 0.000245571
2.29148 0.000286579
2.29253 0.00026083
2.29358 0.000147819
2.29463 0.000217915
2.29568 0.000178575
2.29674 6.81877e-05
2.29779 4.17233e-05
2.29885 0.000156403
2.29991 0.000175714
2.30097 0.000182152
2.30203 0.000149965
2.30309 0.000319958
2.30415 0.000139952
2.30521 0.000150204
2.30627 0.000169277
2.30734 0.000152588
2.3084 0.000103474
2.30947 0.000208616
2.31054 0.000211477
2.3116 0.0002141
2.31267 0.000302553
2.31374 0.000166655
2.31481 0.000311375
2.31589 7.10487e-05
2.31696 0.000101566
2.31803 0.000138283
2.31911 0.000211954
2.32019 0.00016427
2.32126 0.00011611
2.32234 0.00021863
2.32342 0.000166416
2.3245 0.000157833
2.32558 0.000162363
2.32666 0.000175238
2.32775 0.000203133
2.32883 0.000156164
2.32992 0.000164986
2.331 0.000326157
2.33209 8.72612e-05
2.33318 0.000250816
2.33427 0.000155687
2.33536 0.000134945
2.33645 0.000235558
2.33754 0.00020957
2.33863 3.95775e-05
2.33973 0.000200748
2.34082 0.000107765
2.34192 0.000163794
2.34302 0.000334501
2.34412 0.000158071
2.34522 0.000180006
2.34632 8.15391e-05
2.34742 0.000116348
2.34852 9.15527e-05
2.34962 0.000104189
2.35073 0.000107765
2.35183 0.000197411
2.35294 0.000235558
2.35405 0.000104666
2.35516 0.000114679
2.35627 0.000192881
2.35738 0.000124455
2.35849 0.000148773
2.3596 0.000160456
2.36072 0.000121355
2.36183 0.000189066
2.36295 0.000103951
2.36407 0.000136375
2.36518 0.000149012
2.3663 0.000235558
2.36742 0.000221968
2.36855 0.000252962
2.36967 0.000175476
2.37079 0.000101566
2.37192 0.000139237
2.37304 0.000138998
2.37417 0.000223398
2.3753 0.000130653
2.37643 7.05719e-05
2.37756 0.000155449
2.37869 0.000218868
2.37982 0.000139952
2.38095 6.38962e-05
2.38209 4.79221e-05
2.38322 0.000249147
2.38436 0.000201702
2.3855 0.000102758
2.38663 0.000153303
2.38777 0.000266552
2.38892 0.000293732
2.39006 0.000172138
2.3912 0.000133276
2.39234 0.000164747
2.39349 0.000112772
2.39464 0.000127554
2.39578 0.000157356
2.39693 0.000206471
2.39808 0.000177383
2.39923 0.000206947
2.40038 7.53403e-05
2.40154 0.000218868
2.40269 0.000169754
2.40385 0.000190735
2.405 0.00018692
2.40616 0.000174522
2.40732 0.000175238
2.40848 0.00010705
2.40964 0.000141859
2.4108 0.000103474
2.41196 9.53674e-06
2.41313 0.00023675
2.41429 0.000178575
2.41546 0.000124216
2.41663 0.000157595
2.41779 0.000128269
2.41896 0.000111818
2.42014 0.00011754
2.42131 0.000160217
2.42248 0.00018096
2.42365 0.000133276
2.42483 0.000123739
2.42601 8.51154e-05
2.42718 0.000122786
2.42836 7.43866e-05
2.42954 0.000151634
2.43072 9.91821e-05
2.43191 0.000105143
2.43309 0.00011611
2.43427 0.000147581
2.43546 0.000147819
2.43665 7.4625e-05
2.43784 0.000113487
2.43902 0.000208616
2.44021 -1.35899e-05
2.44141 7.48634e-05
2.4426 0.00022459
2.44379 0.000173092
2.44499 0.000119924
2.44618 0.000148773
2.44738 6.79493e-05
2.44858 0.000154972
2.44978 0.000201702
2.45098 0.000133753
2.45218 8.29697e-05
2.45339 0.000208616
2.45459 9.53674e-05
2.4558 0.000276566
2.457 0.000285149
2.45821 0.00012517
2.45942 6.96182e-05
2.46063 8.79765e-05
2.46184 0.000155687
2.46305 2.43187e-05
2.46427 0.000141382
2.46548 0.000201941
2.4667 0.000137806
2.46792 0.000134468
2.46914 0.00011754
2.47036 8.55923e-05
2.47158 0.00012517
2.4728 0.000155687
2.47402 5.84126e-05
2.47525 0.000118256
2.47647 0.000257969
2.4777 0.00015974
2.47893 0.000155449
2.48016 0.000287771
2.48139 0.00022912
2.48262 8.32081e-05
2.48385 7.48634e-05
2.48509 0.000105143
2.48633 7.4625e-05
2.48756 6.50883e-05
2.4888 1.57356e-05
2.49004 9.03606e-05
2.49128 0.000128985
2.49252 0.000138998
2.49377 0.000153542
2.49501 3.95775e-05
2.49626 0.000200748
2.4975 6.96182e-05
2.49875 0.000112295
2.5 0.000127792
2.50125 0.000187397
2.5025 6.93798e-05
2.50376 0.0002563
2.50501 0.00018239
2.50627 0.000171185
2.50752 0.000144243
2.50878 4.00543e-05
2.51004 0.000133514
2.5113 0.000113249
2.51256 0.000121117
2.51383 0.000109196
2.51509 0.000104189
2.51636 0.00015831
2.51762 0.000120401
2.51889 0.000151157
2.52016 7.58171e-05
2.52143 8.55923e-05
2.5227 0.000106096
2.52398 6.10352e-05
2.52525 0.000102043
2.52653 0.000154018
2.52781 4.33922e-05
2.52908 7.98702e-05
2.53036 0.000156164
2.53165 0.000135183
2.53293 0.000145435
2.53421 0.000241756
2.5355 0.000118256
2.53678 0.000200033
2.53807 0.000118017
2.53936 0.000226259
2.54065 0.000202656
2.54194 0.00013423
2.54323 7.82013e-05
2.54453 0.000119448
2.54582 1.78814e-05
2.54712 0.000160694
2.54842 0.000169039
2.54972 0.000122547
2.55102 0.000156641
2.55232 7.67708e-05
2.55363 4.98295e-05
2.55493 0.000114679
2.55624 9.34601e-05
2.55754 0.000153542
2.55885 0.000151873
2.56016 0.000271797
2.56148 0.000494957
2.56279 0.000234842
2.5641 0.000230074
2.56542 0.000169516
2.56674 7.00951e-05
2.56805 0.000161648
2.56937 0.000217676
2.57069 0.000193596
2.57202 0.00014925
2.57334 0.0001266
2.57467 0.000311136
2.57599 0.000365496
2.57732 0.000378609
2.57865 0.000135183
2.57998 0.000156403
2.58131 0.000360966
2.58264 0.000350475
2.58398 0.000265598
2.58532 0.000122786
2.58665 5.60284e-05
2.58799 0.000348568
2.58933 0.000180006
2.59067 4.55379e-05
2.59202 0.000274658
2.59336 0.000322103
2.59471 0.000842571
2.59605 0.000300407
2.5974 0.000265122
2.59875 0.000195026
2.6001 9.5129e-05
2.60146 0.000288248
2.60281 0.00023675
2.60417 0.000422001
2.60552 6.48499e-05
2.60688 0.000156164
2.60824 7.55787e-05
2.6096 0.000159264
2.61097 0.000132322
2.61233 9.9659e-05
2.6137 0.000202179
2.61506 0.000200748
2.61643 0.000342846
2.6178 0.000315666
2.61917 0.000127792
2.62055 0.000292301
2.62192 0.000211716
2.62329 5.8651e-05
2.62467 3.6478e-05
2.62605 0.000136852
2.62743 0.000309706
2.62881 0.000208855
2.63019 7.12872e-05
2.63158 0.000147104
2.63296 0.000117064
2.63435 9.84669e-05
2.63574 0.00010705
2.63713 0.000121117
2.63852 9.08375e-05
2.63992 0.000266314
2.64131 0.000197411
2.64271 0.000164986
2.6441 0.00011611
2.6455 0.00018692
2.6469 7.51019e-05
2.64831 0.000217676
2.64971 0.000175953
2.65111 7.84397e-05
2.65252 0.000191689
2.65393 8.46386e-05
2.65534 5.34058e-05
2.65675 0.000116825
2.65816 0.000139952
2.65957 0.000122309
2.66099 5.17368e-05
2.66241 7.58171e-05
2.66383 0.000259638
2.66525 0.000480652
2.66667 0.000301123
2.66809 3.76701e-05
2.66951 0.000202656
2.67094 0.000477791
2.67237 0.000316143
2.6738 0.000326634
2.67523 0.000257969
2.67666 0.000743389
2.67809 0.000242233
2.67953 0.000157118
2.68097 0.000147104
2.6824 0.000438452
2.68384 8.82149e-05
2.68528 0.00019455
2.68673 0.000338077
2.68817 0.00011301
2.68962 0.000118017
2.69107 0.000159264
2.69251 0.000134707
2.69397 0.000228882
2.69542 0.000148296
2.69687 0.000153065
2.69833 0.000160456
2.69978 0.000299931
2.70124 0.000307083
2.7027 0.000177622
2.70416 0.00018239
2.70563 5.6982e-05
2.70709 6.81877e-05
2.70856 0.000206947
2.71003 0.00020504
2.7115 0.00012207
2.71297 0.000150204
2.71444 0.000136375
2.71592 0.0001719
2.71739 0.000194073
2.71887 9.89437e-05
2.72035 0.000371456
2.72183 0.000395775
2.72331 8.60691e-05
2.7248 0.000185966
2.72628 0.000198841
2.72777 0.000158787
2.72926 0.000109672
2.73075 0.000121117
2.73224 8.84533e-05
2.73373 0.000150919
2.73523 0.000125885
2.73673 0.000151157
2.73823 0.000149488
2.73973 0.000169039
2.74123 0.000274897
2.74273 9.67979e-05
2.74424 0.000190973
2.74574 0.00011301
2.74725 7.15256e-05
2.74876 0.000101566
2.75028 0.000138521
2.75179 7.9155e-05
2.7533 5.34058e-05
2.75482 0.000304699
2.75634 0.000453711
2.75786 9.15527e-05
2.75938 0.000220776
2.76091 0.000178814
2.76243 0.000257015
2.76396 7.15256e-05
2.76549 0.000138044
2.76702 0.000123024
2.76855 0.000139952
2.77008 0.000193596
2.77162 0.000182867
2.77316 0.000246048
2.77469 0.000119448
2.77624 5.79357e-05
2.77778 0.000123262
2.77932 9.08375e-05
2.78087 0.000280142
2.78242 0.000152111
2.78396 0.000104666
2.78552 0.000183821
2.78707 0.00012064
2.78862 4.05312e-06
2.79018 0.000134945
2.79174 4.31538e-05
2.7933 0.000149488
2.79486 0.000189543
2.79642 0.000167131
2.79799 0.000148535
2.79955 0.000181436
2.80112 0.000168562
2.80269 0.000325441
2.80426 0.000131607
2.80584 0.000192165
2.80741 6.46114e-05
2.80899 0.000123024
2.81057 2.71797e-05
2.81215 4.26769e-05
2.81373 9.799e-05
2.81532 5.36442e-05
2.8169 7.20024e-05
2.81849 4.29153e-05
2.82008 8.08239e-05
2.82167 0.000113487
2.82326 7.9155e-05
2.82486 6.74725e-05
2.82646 6.86645e-05
2.82805 7.77245e-05
2.82965 0.000126839
2.83126 0.000205517
2.83286 0.000104904
2.83447 0.000104666
2.83607 5.62668e-05
2.83768 4.55379e-05
2.8393 0.000329018
2.84091 4.62532e-05
2.84252 5.53131e-05
2.84414 0.000127077
2.84576 0.00018096
2.84738 0.000139237
2.849 9.27448e-05
2.85063 8.29697e-05
2.85225 0.00014019
2.85388 0.000120163
2.85551 0.000215054
2.85714 3.45707e-05
2.85878 6.96182e-05
2.86041 0.000168323
2.86205 0.000103951
2.86369 0.00010252
2.86533 0.000178099
2.86697 5.38826e-05
2.86862 3.33786e-05
2.87026 0.000128985
2.87191 0.000195503
2.87356 6.22273e-05
2.87522 4.31538e-05
2.87687 0.000177622
2.87853 0.000179768
2.88018 5.65052e-05
2.88184 0.000183344
2.88351 5.45978e-05
2.88517 0.000175953
2.88684 7.12872e-05
2.8885 3.86238e-05
2.89017 4.76837e-05
2.89184 0.000128508
2.89352 0.000159502
2.89519 0.000122309
2.89687 8.79765e-05
2.89855 0.000248671
2.90023 0.000149488
2.90192 0.000109911
2.9036 9.39369e-05
2.90529 0.000168085
2.90698 0.000160456
2.90867 9.41753e-05
2.91036 7.58171e-05
2.91206 0.000103235
2.91375 6.65188e-05
2.91545 5.57899e-05
2.91715 2.28882e-05
2.91886 0.000192404
2.92056 9.08375e-05
2.92227 8.82149e-05
2.92398 0.00014019
2.92569 0.000186682
2.9274 0.000111103
2.92912 3.76701e-05
2.93083 0.000163794
2.93255 6.84261e-05
2.93427 0.000136137
2.936 7.22408e-05
2.93772 0.000114441
2.93945 0.000102758
2.94118 8.08239e-05
2.94291 0.000106811
2.94464 0.000250816
2.94638 0.000146151
2.94811 7.58171e-05
2.94985 0.00014019
2.95159 0.000104666
2.95334 0.000197887
2.95508 0.000236273
2.95683 0.000195503
2.95858 0.00014019
2.96033 0.000196457
2.96209 0.000124455
2.96384 0.000173569
2.9656 0.00026536
2.96736 0.000152111
2.96912 0.000173807
2.97089 0.000242233
2.97265 0.000174284
2.97442 9.87053e-05
2.97619 0.00012207
2.97796 0.000110149
2.97974 0.000204086
2.98151 2.98023e-05
2.98329 7.36713e-05
2.98507 0.00011611
2.98686 0.000111103
2.98864 9.82284e-05
2.99043 0.000122547
2.99222 0.000129223
2.99401 0.000109434
2.99581 0.000298739
2.9976 -1.43051e-06
2.9994 0.000140667
3.0012 0.000126123
3.003 1.78814e-05
3.00481 0.00010252
3.00661 0.000117064
3.00842 8.51154e-05
3.01023 0.000112772
3.01205 0.000106096
3.01386 0.0001719
3.01568 0.00011301
3.0175 0.000164747
3.01932 2.57492e-05
3.02115 0.000157356
3.02297 3.24249e-05
3.0248 0.000134468
3.02663 0.000143766
3.02847 0.000160933
3.0303 1.04904e-05
3.03214 0.000235796
3.03398 8.17776e-05
3.03582 5.91278e-05
3.03767 6.53267e-05
3.03951 5.84126e-05
3.04136 0.000197172
3.04321 0.000255823
3.04507 2.90871e-05
3.04692 8.17776e-05
3.04878 9.34601e-05
3.05064 6.96182e-05
3.0525 0.000175714
3.05437 7.31945e-05
3.05623 0.000140905
3.0581 0.000133991
3.05998 0.000136137
3.06185 0.000154257
3.06373 6.60419e-05
3.0656 7.72476e-05
3.06748 9.48906e-05
3.06937 0.000157595
3.07125 9.08375e-05
3.07314 0.000111342
3.07503 0.000125647
3.07692 9.13143e-05
3.07882 0.00013876
3.08071 7.34329e-05
3.08261 9.799e-05
3.08452 7.58171e-05
3.08642 0.00017786
3.08833 0.000124455
3.09023 9.13143e-05
3.09215 0.000160217
3.09406 0.000139713
3.09598 3.55244e-05
3.09789 8.58307e-05
3.09981 0.000122547
3.10174 2.26498e-05
3.10366 9.9659e-05
3.10559 5.93662e-05
3.10752 5.74589e-05
3.10945 0.000133753
3.11139 6.12736e-05
3.11333 0.000118732
3.11526 0.000134707
3.11721 0.000101805
3.11915 8.2016e-05
3.1211 0.000136614
3.12305 0.000201225
3.125 0.000160456
3.12695 5.00679e-05
3.12891 6.60419e-05
3.13087 0.00015378
3.13283 0.000148296
3.1348 4.00543e-05
3.13676 9.10759e-05
3.13873 0.000154972
3.1407 0.000106573
3.14268 8.08239e-05
3.14465 6.8903e-05
3.14663 7.72476e-05
3.14861 8.70228e-05
3.1506 0.000106335
3.15259 9.67979e-05
3.15457 4.673e-05
3.15657 0.000183105
3.15856 0.000179291
3.16056 0.000109434
3.16256 0.000165939
3.16456 0.00011611
3.16656 0.000138998
3.16857 9.82284e-05
3.17058 0.00011301
3.17259 5.98431e-05
3.1746 0.000155926
3.17662 0.000133038
3.17864 8.67844e-05
3.18066 0.000108957
3.18269 7.4625e-05
3.18471 7.36713e-05
3.18674 0.000170708
3.18878 5.96046e-05
3.19081 0.000106573
3.19285 8.70228e-05
3.19489 0.000152111
3.19693 0.000180006
3.19898 0.000128985
3.20102 9.94206e-05
3.20307 0.000102997
3.20513 9.75132e-05
3.20718 9.20296e-05
3.20924 5.96046e-05
3.2113 0.000139237
3.21337 0.000181675
3.21543 5.26905e-05
3.2175 0.000240088
3.21958 0.000235081
3.22165 0.000138521
3.22373 8.60691e-05
3.22581 4.64916e-05
3.22789 7.48634e-05
3.22997 2.83718e-05
3.23206 2.3365e-05
3.23415 3.6478e-05
3.23625 6.93798e-05
3.23834 0.000232458
3.24044 0.000200272
3.24254 0.000181913
3.24465 0.000165224
3.24675 2.45571e-05
3.24886 0.000113726
3.25098 4.62532e-05
3.25309 9.89437e-05
3.25521 6.91414e-05
3.25733 0.000136614
3.25945 9.89437e-05
3.26158 0.000118732
3.26371 4.69685e-05
3.26584 6.48499e-05
3.26797 0.000118971
3.27011 2.38419e-05
3.27225 9.03606e-05
3.27439 0.000183821
3.27654 0.000174284
3.27869 8.4877e-05
3.28084 0.000178099
3.28299 0.000171661
3.28515 9.08375e-05
3.28731 5.57899e-05
3.28947 4.26769e-05
3.29164 0.000148058
3.29381 6.69956e-05
3.29598 2.24114e-05
3.29815 3.31402e-05
3.30033 8.96454e-05
3.30251 9.20296e-05
3.30469 6.58035e-05
3.30688 2.12193e-05
3.30907 4.52995e-05
3.31126 0.000103951
3.31345 7.08103e-05
3.31565 0.000156403
3.31785 0.000165939
3.32005 4.88758e-05
3.32226 6.84261e-05
3.32447 8.86917e-05
3.32668 7.70092e-05
3.32889 9.98974e-05
3.33111 4.91142e-05
3.33333 4.48227e-05
3.33556 6.22273e-05
3.33778 0.000237942
3.34001 0.000197411
3.34225 1.54972e-05
3.34448 8.74996e-05
3.34672 9.36985e-05
3.34896 0.000162363
3.35121 0.000102997
3.35345 5.57899e-05
3.3557 8.2016e-05
3.35796 8.41618e-05
3.36022 0.000202179
3.36247 6.31809e-05
3.36474 0.000186443
3.367 2.31266e-05
3.36927 7.29561e-05
3.37154 9.08375e-05
3.37382 0.000148296
3.3761 0.000214338
3.37838 2.07424e-05
3.38066 0.000114679
3.38295 0.000157356
3.38524 0.000219584
3.38753 9.60827e-05
3.38983 7.20024e-05
3.39213 6.1512e-05
3.39443 0.000130177
3.39674 9.39369e-05
3.39905 3.69549e-05
3.40136 0.000107527
3.40368 4.26769e-05
3.40599 0.000131607
3.40832 9.98974e-05
3.41064 0.000139713
3.41297 5.126e-05
3.4153 2.86102e-05
3.41763 0.00027895
3.41997 2.50339e-05
3.42231 4.91142e-05
3.42466 4.88758e-05
3.427 0.00011301
3.42936 0.000184774
3.43171 0.000172615
3.43407 0.000162125
3.43643 5.38826e-05
3.43879 8.98838e-05
3.44116 0.000108957
3.44353 0.000125408
3.4459 0.000159979
3.44828 9.08375e-05
3.45066 0.000127792
3.45304 6.12736e-05
3.45543 3.29018e-05
3.45781 3.48091e-05
3.46021 7.08103e-05
3.4626 8.22544e-05
3.465 3.26633e-05
3.46741 5.53131e-05
3.46981 7.48634e-05
3.47222 8.32081e-05
3.47464 0.000106811
3.47705 7.41482e-05
3.47947 0.000144005
3.48189 0.000162125
3.48432 9.48906e-05
3.48675 0.000110149
3.48918 0.000128746
3.49162 9.82284e-05
3.49406 6.62804e-05
3.4965 0.000124693
3.49895 7.82013e-05
3.5014 5.38826e-05
3.50385 8.44002e-05
3.50631 7.1764e-05
3.50877 0.000131607
3.51124 0.000138998
3.5137 4.673e-05
3.51617 0.000129938
3.51865 0.000120878
3.52113 5.19753e-05
3.52361 0.000143528
3.52609 0.000146627
3.52858 7.20024e-05
3.53107 3.76701e-05
3.53357 3.8147e-05
3.53607 7.00951e-05
3.53857 6.41346e-05
3.54108 8.7738e-05
3.54359 0.000151634
3.5461 0.000123024
3.54862 0.000106335
3.55114 8.60691e-05
3.55366 8.15391e-05
3.55619 0.000149727
3.55872 0.000172854
3.56125 8.70228e-05
3.56379 3.76701e-05
3.56633 0.000164032
3.56888 0.000132561
3.57143 0.000187159
3.57398 7.84397e-05
3.57654 0.000146151
3.5791 5.91278e-05
3.58166 8.79765e-05
3.58423 9.36985e-05
3.5868 3.00407e-05
3.58938 7.29561e-05
3.59195 0.000143051
3.59454 6.84261e-05
3.59712 5.45978e-05
3.59971 0.000189781
3.60231 0.000103712
3.6049 -3.57628e-06
3.6075 9.56058e-05
3.61011 3.00407e-05
3.61272 0.000101805
3.61533 5.17368e-05
3.61795 0.000138521
3.62056 6.17504e-05
3.62319 9.41753e-05
3.62582 0.000209808
3.62845 3.40939e-05
3.63108 5.29289e-05
3.63372 0.000138283
3.63636 6.03199e-05
3.63901 3.67165e-05
3.64166 0.000117064
3.64431 0.000113249
3.64697 8.84533e-05
3.64964 9.77516e-05
3.6523 8.15391e-05
3.65497 0.000118732
3.65764 9.65595e-05
3.66032 3.55244e-05
3.663 0.000100136
3.66569 8.89301e-05
3.66838 6.19888e-05
3.67107 6.27041e-05
3.67377 0.000128031
3.67647 4.22001e-05
3.67918 5.10216e-05
3.68189 0.000131845
3.6846 4.1008e-05
3.68732 3.09944e-05
3.69004 0.000102997
3.69276 0.000174046
3.69549 0.000111103
3.69822 3.09944e-05
3.70096 8.74996e-05
3.7037 7.20024e-05
3.70645 8.32081e-05
3.7092 7.12872e-05
3.71195 0.000161886
3.71471 5.38826e-05
3.71747 0.000113964
3.72024 0.000106573
3.72301 5.38826e-05
3.72578 7.24792e-05
3.72856 7.1764e-05
3.73134 4.26769e-05
3.73413 3.26633e-05
3.73692 6.36578e-05
3.73972 0.000100851
3.74251 0.000123978
3.74532 8.17776e-05
3.74813 0.000147343
3.75094 6.81877e-05
3.75375 3.95775e-05
3.75657 0.000133753
3.7594 7.48634e-05
3.76223 8.91685e-05
3.76506 0.000108957
3.7679 6.62804e-05
3.77074 4.00543e-05
3.77358 0.000195265
3.77644 7.34329e-05
3.77929 0.000143528
3.78215 0.000191689
3.78501 0.000103235
3.78788 4.74453e-05
3.79075 8.82149e-05
3.79363 7.72476e-05
3.79651 5.79357e-05
3.79939 0.000127077
3.80228 -1.66893e-06
3.80518 0.000165939
3.80807 0.000175714
3.81098 2.21729e-05
3.81388 0.000196218
3.81679 0.000110388
3.81971 6.41346e-05
3.82263 0.00012207
3.82555 9.91821e-05
3.82848 9.29832e-05
3.83142 3.62396e-05
3.83436 7.4625e-05
3.8373 0.000121117
3.84025 2.3365e-05
3.8432 0.000105381
3.84615 9.36985e-05
3.84911 0.000133514
3.85208 7.27177e-05
3.85505 0.000140429
3.85802 8.63075e-05
3.861 0.00010848
3.86399 0.00010109
3.86698 0.000121832
3.86997 0.000187635
3.87297 6.27041e-05
3.87597 8.15391e-05
3.87898 2.14577e-05
3.88199 3.60012e-05
3.885 9.36985e-05
3.88802 0.000132084
3.89105 9.41753e-05
3.89408 5.81741e-05
3.89712 0.000149727
3.90016 0.000168562
3.9032 0.000124693
3.90625 0.000159502
3.9093 0.00013423
3.91236 0.000102997
3.91543 0.000139952
3.9185 3.76701e-05
3.92157 8.70228e-05
3.92465 3.45707e-05
3.92773 7.36713e-05
3.93082 6.4373e-05
3.93391 0.00011754
3.93701 6.74725e-05
3.94011 1.93119e-05
3.94322 8.55923e-05
3.94633 3.69549e-05
3.94945 7.93934e-05
3.95257 0.000114679
3.9557 0.000103712
3.95883 0.000204086
3.96197 9.87053e-05
3.96511 8.36849e-05
3.96825 8.29697e-05
3.97141 0.000119924
3.97456 0.000149727
3.97772 0.000143051
3.98089 0.000137091
3.98406 0.000145197
3.98724 4.64916e-05
3.99042 0.000101805
3.99361 6.96182e-05
3.9968 2.88487e-05
4 0.000169754
4.0032 0.000189304
4.00641 0.00012207
4.00962 0.000134707
4.01284 5.50747e-05
4.01606 7.65324e-05
4.01929 0.000100851
4.02253 3.86238e-05
4.02576 8.44002e-05
4.02901 5.34058e-05
4.03226 3.91006e-05
4.03551 7.03335e-05
4.03877 9.98974e-05
4.04204 5.6982e-05
4.04531 4.91142e-05
4.04858 0.000115156
4.05186 0.000138521
4.05515 0.000137329
4.05844 2.81334e-05
4.06174 0.000120401
4.06504 0.000116825
4.06835 8.08239e-05
4.07166 9.56058e-05
4.07498 4.12464e-05
4.0783 1.47819e-05
4.08163 0.000142336
4.08497 8.70228e-05
4.08831 0.000121832
4.09165 0.000154018
4.095 2.31266e-05
4.09836 0.00014472
4.10172 0.000138283
4.10509 5.29289e-05
4.10846 6.96182e-05
4.11184 7.48634e-05
4.11523 0.00010252
4.11862 3.79086e-05
4.12201 5.93662e-05
4.12541 0.0001266
4.12882 2.86102e-06
4.13223 4.79221e-05
4.13565 8.13007e-05
4.13907 0.00012517
4.1425 0.000211239
4.14594 7.41482e-05
4.14938 3.86238e-05
4.15282 7.05719e-05
4.15628 2.95639e-05
4.15973 4.673e-05
4.1632 7.77245e-05
4.16667 0.000146389
4.17014 0.000148296
4.17362 7.00951e-05
4.17711 9.9659e-05
4.1806 8.41618e-05
4.1841 7.36713e-05
4.1876 5.31673e-05
4.19111 0.000103474
4.19463 0.000125885
4.19815 0.000131845
4.20168 0.000120878
4.20521 0.000119209
4.20875 8.22544e-05
4.2123 0.000257015
4.21585 0.000114918
4.21941 0.000110149
4.22297 0.00015378
4.22654 0.000295162
4.23012 0.000486851
4.2337 0.000299931
4.23729 0.000442982
4.24088 0.000429392
4.24448 0.000238419
4.24809 0.00040555
4.2517 0.000204802
4.25532 0.000138998
4.25894 0.000165701
4.26257 0.000205994
4.26621 0.000280857
4.26985 0.000156641
4.2735 7.77245e-05
4.27716 0.000309706
4.28082 0.000231981
4.28449 0.000276089
4.28816 0.000252485
4.29185 0.000201225
4.29553 0.000285149
4.29923 0.000219345
4.30293 0.00019598
4.30663 0.000396729
4.31034 -7.15256e-06
4.31406 0.000196218
4.31779 0.00012517
4.32152 0.000130653
4.32526 0.00011158
4.329 0.000110149
4.33276 0.00011754
4.33651 0.000130892
4.34028 4.86374e-05
4.34405 0.000171423
4.34783 0.000154018
4.35161 7.96318e-05
4.3554 3.14713e-05
4.3592 4.95911e-05
4.363 9.03606e-05
4.36681 0.000115156
4.37063 4.41074e-05
4.37445 4.60148e-05
4.37828 2.3365e-05
4.38212 5.14984e-05
4.38596 5.74589e-05
4.38982 0.000125885
4.39367 8.29697e-05
4.39754 0.00014019
4.40141 6.07967e-05
4.40529 0.000139475
4.40917 5.6982e-05
4.41306 7.98702e-05
4.41696 0.000102997
4.42087 0.000103235
4.42478 0.000191927
4.4287 1.54972e-05
4.43262 5.03063e-05
4.43656 0.000121117
4.4405 0.000116825
4.44444 6.81877e-05
4.4484 6.55651e-05
4.45236 7.51019e-05
4.45633 8.74996e-05
4.4603 6.91414e-05
4.46429 0.000110149
4.46828 0.000101328
4.47227 0.000121355
4.47628 7.08103e-05
4.48029 3.31402e-05
4.4843 8.55923e-05
4.48833 9.44138e-05
4.49236 6.41346e-05
4.4964 0.000277042
4.50045 6.96182e-05
4.5045 4.55379e-05
4.50857 0.000122547
4.51264 8.36849e-05
4.51671 0.0001297
4.5208 0.000195026
4.52489 0.000128508
4.52899 0.000158548
4.53309 8.55923e-05
4.53721 3.55244e-05
4.54133 7.72476e-05
4.54545 6.17504e-05
4.54959 9.03606e-05
4.55373 0.000119448
4.55789 9.75132e-05
4.56204 3.79086e-05
4.56621 9.46522e-05
4.57038 9.39369e-05
4.57457 2.00272e-05
4.57875 6.00815e-05
4.58295 0.000132799
4.58716 9.58443e-05
4.59137 5.93662e-05
4.59559 4.69685e-05
4.59982 0.000159264
4.60405 7.55787e-05
4.60829 0.000109911
4.61255 0.000186682
4.61681 0.000115395
4.62107 0.000144243
4.62535 0.000152111
4.62963 8.27312e-05
4.63392 0.000113726
4.63822 9.41753e-05
4.64253 7.20024e-05
4.64684 6.96182e-05
4.65116 0.000111818
4.65549 5.72205e-05
4.65983 4.1008e-05
4.66418 6.96182e-05
4.66853 8.34465e-05
4.6729 6.48499e-05
4.67727 7.70092e-05
4.68165 0.000122786
4.68604 0.000129461
4.69043 8.32081e-05
4.69484 1.90735e-05
4.69925 0.000122309
4.70367 0.000181198
4.7081 9.84669e-05
4.71254 1.90735e-05
4.71698 0.000122309
4.72144 0.000107765
4.7259 6.69956e-05
4.73037 2.21729e-05
4.73485 0.000123262
4.73934 8.34465e-06
4.74383 0.000138521
4.74834 5.48363e-05
4.75285 9.2268e-05
4.75737 8.29697e-05
4.7619 0.000124693
4.76644 6.07967e-05
4.77099 8.34465e-06
4.77555 6.62804e-05
4.78011 0.000108957
4.78469 4.45843e-05
4.78927 6.24657e-05
4.79386 7.93934e-05
4.79846 6.79493e-05
4.80307 3.38554e-05
4.80769 6.93798e-05
4.81232 0.000126362
4.81696 0.000113487
4.8216 7.60555e-05
4.82625 9.01222e-05
4.83092 8.67844e-05
4.83559 0.000177145
4.84027 5.10216e-05
4.84496 0.000100851
4.84966 0.000130177
4.85437 0.000128269
4.85909 2.38419e-05
4.86381 8.96454e-05
4.86855 4.41074e-05
4.87329 5.79357e-05
4.87805 9.56058e-05
4.88281 3.6478e-05
4.88759 0.000110388
4.89237 0.000181436
4.89716 0.000136375
4.90196 8.63075e-05
4.90677 9.25064e-05
4.91159 1.78814e-05
4.91642 7.1764e-05
4.92126 6.22273e-05
4.92611 2.98023e-05
4.93097 3.76701e-05
4.93583 1.54972e-05
4.94071 3.29018e-05
4.9456 8.96454e-05
4.9505 6.84261e-05
4.9554 3.02792e-05
4.96032 0.000123262
4.96524 7.41482e-05
4.97018 7.20024e-05
4.97512 0.000133753
4.98008 8.58307e-05
4.98504 3.76701e-05
4.99002 9.75132e-05
4.995 7.62939e-06
5 0.000129223
5.00501 0.000137329
5.01002 5.22137e-05
5.01505 5.91278e-05
5.02008 7.62939e-05
5.02513 0.000138998
5.03018 7.43866e-05
5.03525 0.000113487
5.04032 8.01086e-05
5.04541 9.63211e-05
5.05051 6.10352e-05
5.05561 9.08375e-05
5.06073 0.000108957
5.06586 0.000145435
5.07099 0.000171185
5.07614 8.10623e-05
5.0813 8.34465e-05
5.08647 0.000114441
5.09165 4.3869e-05
5.09684 0.000139237
5.10204 6.62804e-05
5.10725 2.71797e-05
5.11247 0.000116587
5.11771 0.000182867
5.12295 9.32217e-05
5.12821 6.34193e-05
5.13347 7.96318e-05
5.13875 4.43459e-05
5.14403 0.000127077
5.14933 0.000159264
5.15464 0.00014925
5.15996 0.000103235
5.16529 9.58443e-05
5.17063 9.08375e-05
5.17598 2.90871e-05
5.18135 9.13143e-05
5.18672 0.000108004
5.19211 3.98159e-05
5.19751 0.000134468
5.20291 0.000136137
5.20833 -1.19209e-06
5.21376 0.000152588
5.21921 0.000188112
5.22466 0.000115156
5.23013 0.000104666
5.2356 5.19753e-05
5.24109 0.000107765
5.24659 0.000108004
5.2521 0.000119924
5.25762 8.79765e-05
5.26316 9.29832e-05
5.2687 0.000124693
5.27426 0.000137567
5.27983 7.7486e-05
5.28541 0.00011611
5.29101 0.000125408
5.29661 0.000109196
5.30223 4.43459e-05
5.30786 6.46114e-05
5.3135 0.000153542
5.31915 6.81877e-05
5.32481 5.03063e-05
5.33049 0.000104427
5.33618 0.000170946
5.34188 0.00010705
5.34759 0.00010705
5.35332 0.000102282
5.35906 5.98431e-05
5.36481 0.000181436
5.37057 0.000203371
5.37634 8.65459e-05
5.38213 9.98974e-05
5.38793 0.000115156
5.39374 0.000112057
5.39957 0.000127316
5.40541 0.00015378
5.41126 7.7486e-05
5.41712 0.000124931
5.42299 0.000112534
5.42888 0.000121593
5.43478 8.98838e-05
5.4407 9.5129e-05
5.44662 0.000109911
5.45256 0.000144482
5.45852 9.44138e-05
5.46448 6.58035e-05
5.47046 8.86917e-05
5.47645 7.58171e-05
5.48246 0.000148535
5.48847 5.34058e-05
5.49451 3.43323e-05
5.50055 6.58035e-05
5.50661 0.000112534
5.51268 0.000143528
5.51876 0.000363827
5.52486 0.000185728
5.53097 0.000134468
5.5371 0.000171185
5.54324 7.31945e-05
5.54939 5.10216e-05
5.55556 0.000196457
5.56174 9.65595e-05
5.56793 3.50475e-05
5.57414 8.39233e-05
5.58036 0.000222444
5.58659 0.000113964
5.59284 8.36849e-05
5.5991 0.000121593
5.60538 9.46522e-05
5.61167 5.24521e-05
5.61798 0.000117064
5.6243 7.65324e-05
5.63063 2.86102e-06
5.63698 2.02656e-05
5.64334 0.00013423
5.64972 0.000194311
5.65611 3.02792e-05
5.66251 7.34329e-05
5.66893 8.86917e-05
5.67537 0.000165462
5.68182 0.000125885
5.68828 0.000140905
5.69476 0.00041604
5.70125 0.000256538
5.70776 -2.21729e-05
5.71429 0.000306368
5.72082 0.000227928
5.72738 0.000102997
5.73394 0.000214577
5.74053 8.91685e-05
5.74713 0.000192642
5.75374 7.93934e-05
5.76037 0.000201702
5.76701 0.00041461
5.77367 0.000159025
5.78035 0.000131369
5.78704 5.03063e-05
5.79374 4.14848e-05
5.80046 0.000143051
5.8072 0.000161648
5.81395 8.27312e-05
5.82072 0.000197172
5.82751 0.0002532
5.83431 0.000257969
5.84112 0.000117779
5.84795 0.00014472
5.8548 8.41618e-05
5.86166 0.00031209
5.86854 0.000138998
5.87544 0.000104427
5.88235 0.000473261
5.88928 0.000184536
5.89623 0.000214338
5.90319 0.000160694
5.91017 9.75132e-05
5.91716 8.34465e-05
5.92417 0.000131845
5.9312 0.000173569
5.93824 0.00109053
5.9453 0.000130892
5.95238 6.10352e-05
5.95948 8.32081e-05
5.96659 0.000156403
5.97372 0.000149012
5.98086 0.00010252
5.98802 0.000335932
5.9952 0.000296593
6.0024 0.000222921
6.00962 0.000189304
6.01685 0.000106335
6.0241 0.000254154
6.03136 0.000117064
6.03865 0.000111818
6.04595 0.000488281
6.05327 0.000621557
6.06061 0.000155449
6.06796 0.000105143
6.07533 0.000118256
6.08273 0.00010705
6.09013 9.41753e-05
6.09756 0.00010252
6.10501 7.20024e-05
6.11247 0.000532389
6.11995 0.000178814
6.12745 0.000137806
6.13497 0.00012207
6.14251 0.000185728
6.15006 3.40939e-05
6.15764 0.000260115
6.16523 0.000104904
6.17284 3.98159e-05
6.18047 0.000243187
6.18812 0.000430584
6.19579 0.000102043
6.20347 0.000109672
6.21118 7.70092e-05
6.21891 0.000197887
6.22665 4.673e-05
6.23441 4.95911e-05
6.2422 0.000128985
6.25 3.71933e-05
6.25782 0.00011301
6.26566 0.000144482
6.27353 5.84126e-05
6.28141 0.000108957
6.28931 9.65595e-05
6.29723 0.000147819
6.30517 8.63075e-05
6.31313 3.88622e-05
6.32111 0.000133991
6.32911 0.000134468
6.33714 8.67844e-05
6.34518 0.000375032
6.35324 6.31809e-05
6.36132 0.000172138
6.36943 0.00017333
6.37755 0.000130892
6.3857 0.000183821
6.39386 5.8651e-05
6.40205 0.000108004
6.41026 0.000399113
6.41849 0.000887871
6.42674 0.000164509
6.43501 2.64645e-05
6.4433 0.000201941
6.45161 0.000168323
6.45995 4.8399e-05
6.46831 0.000179768
6.47668 0.000437736
6.48508 0.000329495
6.49351 0.000601053
6.50195 0.000220537
6.51042 5.65052e-05
6.5189 0.000212669
6.52742 0.000152111
6.53595 0.000159979
6.5445 0.000232458
6.55308 7.96318e-05
6.56168 0.000113726
6.5703 0.000290155
6.57895 0.000291586
6.58762 0.000386238
6.59631 0.00048852
6.60502 7.65324e-05
6.61376 2.67029e-05
6.62252 0.000210762
6.6313 0.000395775
6.64011 0.000609875
6.64894 9.91821e-05
6.65779 0.000118971
6.66667 0.000160456
6.67557 7.48634e-05
6.68449 0.000192881
6.69344 0.000148535
6.70241 0.000174999
6.71141 0.000294924
6.72043 0.000281572
6.72948 0.000299215
6.73854 0.000132799
6.74764 5.43594e-05
6.75676 6.46114e-05
6.7659 6.03199e-05
6.77507 9.91821e-05
6.78426 0.00023222
6.79348 0.000439405
6.80272 0.000256777
6.81199 0.00012064
6.82128 0.000114918
6.8306 0.000291586
6.83995 7.20024e-05
6.84932 7.7486e-05
6.85871 0.000343561
6.86813 0.000236511
6.87758 7.48634e-05
6.88705 9.01222e-05
6.89655 0.000137567
6.90608 0.000245571
6.91563 0.000145435
6.92521 4.05312e-05
6.93481 0.000112295
6.94444 8.91685e-05
6.9541 7.86781e-05
6.96379 0.000229835
6.9735 0.000154257
6.98324 0.000113249
6.99301 8.01086e-05
7.0028 5.17368e-05
7.01262 6.00815e-05
7.02247 6.03199e-05
7.03235 8.55923e-05
7.04225 7.79629e-05
7.05219 0.00033927
7.06215 5.45978e-05
7.07214 4.8399e-05
7.08215 0.000107765
7.0922 0.000107527
7.10227 0.000113964
7.11238 3.62396e-05
7.12251 0.000221014
7.13267 7.89165e-05
7.14286 0.000392437
7.15308 0.000313282
7.16332 0.000154734
7.1736 0.000199795
7.18391 0.000183821
7.19424 0.000339031
7.20461 0.000162125
7.21501 0.000104904
7.22543 0.000117064
7.23589 0.000112057
7.24638 8.9407e-05
7.25689 6.48499e-05
7.26744 6.31809e-05
7.27802 8.10623e-05
7.28863 0.000109434
7.29927 6.12736e-05
7.30994 0.000114441
7.32064 9.84669e-05
7.33138 0.000136375
7.34214 0.000162602
7.35294 5.93662e-05
7.36377 0.00023365
7.37463 0.000100374
7.38552 0.000112772
7.39645 0.000131845
7.40741 0.000123739
7.4184 9.13143e-05
7.42942 8.70228e-05
7.44048 0.000181913
7.45156 0.00020361
7.46269 0.000171185
7.47384 0.00013876
7.48503 9.39369e-05
7.49625 0.000162125
7.50751 0.000187159
7.5188 7.22408e-05
7.53012 8.4877e-05
7.54148 9.05991e-05
7.55287 7.67708e-05
7.5643 7.98702e-05
7.57576 0.000123739
7.58725 6.36578e-05
7.59878 0.000133514
7.61035 9.89437e-05
7.62195 0.000134945
7.63359 0.000207663
7.64526 0.000117779
7.65697 7.9155e-05
7.66871 8.7738e-05
7.68049 0.00014472
7.69231 0.000196457
7.70416 8.70228e-05
7.71605 0.000239372
7.72798 9.27448e-05
7.73994 0.000157356
7.75194 0.000271797
7.76398 0.000188589
7.77605 0.000169754
7.78816 0.000133038
7.80031 0.000141621
7.8125 9.72748e-05
7.82473 0.000154495
7.83699 0.000163078
7.84929 9.5129e-05
7.86164 0.000142813
7.87402 0.000142336
7.88644 0.000114441
7.89889 1.26362e-05
7.91139 0.000124216
7.92393 0.00023365
7.93651 8.72612e-05
7.94913 0.000296116
7.96178 0.000215292
7.97448 0.000191212
7.98722 0.00014329
8 0.000155449
8.01282 2.50339e-05
8.02568 0.000118971
8.03859 0.000107527
8.05153 8.63075e-05
8.06452 0.000138044
8.07754 6.55651e-05
8.09061 0.00012517
8.10373 2.43187e-05
8.11688 7.1764e-05
8.13008 9.799e-05
8.14332 7.51019e-05
8.15661 0.000174522
8.16993 0.000164986
8.18331 5.24521e-05
8.19672 0.000217199
8.21018 0.000165224
8.22368 0.000113726
8.23723 0.000117779
8.25083 9.32217e-05
8.26446 0.000205755
8.27815 0.000198841
8.29187 5.98431e-05
8.30565 4.673e-05
8.31947 0.000178814
8.33333 6.03199e-05
8.34725 0.000196457
8.3612 0.00018549
8.37521 0.000257492
8.38926 6.93798e-05
8.40336 0.00011611
8.41751 9.34601e-05
8.4317 0.000144482
8.44595 0.000132561
8.46024 6.48499e-05
8.47458 8.08239e-05
8.48896 0.000157595
8.5034 4.93527e-05
8.51789 0.000117064
8.53242 0.000171423
8.54701 0.000103474
8.56164 0.000296593
8.57633 0.000183582
8.59107 0.000147104
8.60585 0.000193834
8.62069 0.000193119
8.63558 0.000104427
8.65052 5.93662e-05
8.66551 0.000259638
8.68056 0.000123262
8.69565 0.000218391
8.7108 7.51019e-05
8.726 0.000187397
8.74126 0.000106573
8.75657 2.26498e-05
8.77193 3.52859e-05
8.78735 0.000185251
8.80282 0.000110388
8.81834 9.15527e-05
8.83392 0.00022459
8.84956 0.000184059
8.86525 0.000114918
8.88099 4.62532e-05
8.8968 0.000211716
8.91266 0.000136852
8.92857 0.000168323
8.94454 8.63075e-05
8.96057 0.000110865
8.97666 0.000105858
8.99281 0.000114679
9.00901 0.000174999
9.02527 0.000125408
9.04159 0.000141859
9.05797 0.000230551
9.07441 0.000138283
9.09091 7.15256e-05
9.10747 0.000183344
9.12409 0.000197411
9.14077 0.000143051
9.15751 0.000254631
9.17431 0.000230551
9.19118 0.000105619
9.2081 0.000212669
9.22509 7.98702e-05
9.24214 0.000161409
9.25926 0.000145435
9.27644 0.000144005
9.29368 0.000182867
9.31099 0.00031662
9.32836 0.000131369
9.34579 0.000236034
9.3633 0.000165462
9.38086 0.000184774
9.3985 4.86374e-05
9.4162 0.000170946
9.43396 0.000154257
9.4518 9.87053e-05
9.4697 0.000103474
9.48767 4.72069e-05
9.5057 0.000197172
9.52381 0.000169516
9.54198 0.000148296
9.56023 0.000273705
9.57854 0.00016284
9.59693 9.25064e-05
9.61538 0.00011754
9.63391 0.000137567
9.65251 5.29289e-05
9.67118 0.000139713
9.68992 0.000113249
9.70874 0.000143528
9.72763 0.000226975
9.74659 0.000160456
9.76562 0.000335932
9.78474 0.000100136
9.80392 0.000124693
9.82318 0.000423431
9.84252 0.000110388
9.86193 0.000211
9.88142 0.000181913
9.90099 0.000105858
9.92063 7.53403e-05
9.94036 0.000217915
9.96016 0.000128985
9.98004 0.000213623
10 0.000174999
10.02 0.000193357
10.0402 0.000270844
10.0604 0.000196457
10.0806 0.000193119
10.101 0.000163078
10.1215 0.000133991
10.142 0.000111103
10.1626 0.000161171
10.1833 0.000117064
10.2041 0.000104666
10.2249 0.000253439
10.2459 0.000279903
10.2669 0.000193119
10.2881 0.000159502
10.3093 0.000134945
10.3306 0.000198603
10.352 0.000119686
10.3734 0.000157356
10.395 0.000124693
10.4167 0.000203848
10.4384 0.000106335
10.4603 0.000169516
10.4822 0.000112534
10.5042 0.000120878
10.5263 0.000226975
10.5485 0.000145197
10.5708 0.000124931
10.5932 7.24792e-05
10.6157 0.000399113
10.6383 0.000301123
10.661 0.000129461
10.6838 0.000222444
10.7066 0.000154734
10.7296 5.84126e-05
10.7527 0.000312328
10.7759 0.000199795
10.7991 0.000137567
10.8225 0.000273228
10.846 0.000171423
10.8696 0.00054431
10.8932 0.000222206
10.917 0.000157595
10.9409 0.000226498
10.9649 0.00026226
10.989 0.000253677
11.0132 0.000172377
11.0375 0.000214338
11.0619 0.000244856
11.0865 2.6226e-05
11.1111 4.98295e-05
11.1359 0.000157118
11.1607 0.000111103
11.1857 0.000221491
11.2108 0.00038743
11.236 0.000243664
11.2613 0.000312567
11.2867 0.000350475
11.3122 0.00015974
11.3379 6.31809e-05
11.3636 0.000335217
11.3895 0.000185966
11.4155 0.000320435
11.4416 0.000300646
11.4679 0.000155687
11.4943 0.000323057
11.5207 0.000165462
11.5473 0.000375271
11.5741 0.000132084
11.6009 0.000164032
11.6279 0.000100374
11.655 0.000224113
11.6822 0.000244617
11.7096 0.000386
11.7371 0.000150919
11.7647 0.000180483
11.7925 0.000204802
11.8203 0.000555992
11.8483 0.000191689
11.8765 0.000252724
11.9048 0.000288725
11.9332 0.000100136
11.9617 0.000154734
11.9904 0.000231028
12.0192 -1.62125e-05
12.0482 0.000454664
12.0773 0.000442982
12.1065 0.000351429
12.1359 0.000295639
12.1655 0.000392914
12.1951 0.000210762
12.2249 0.000669718
12.2549 0.000175714
12.285 0.000200987
12.3153 0.000638723
12.3457 0.000444412
12.3762 0.000202656
12.4069 0.000392675
12.4378 0.00012064
12.4688 0.000140905
12.5 0.000279903
12.5313 0.000459433
12.5628 0.000458002
12.5945 0.00073266
12.6263 0.000231028
12.6582 0.000740766
12.6904 0.000504255
12.7226 0.000191927
12.7551 0.000383854
12.7877 1.71661e-05
12.8205 0.000332356
12.8535 0.000286818
12.8866 0.000305176
12.9199 0.000499964
12.9534 0.000353575
12.987 0.000185013
13.0208 0.000268459
13.0548 0.000605106
13.089 0.000459194
13.1234 0.000373602
13.1579 0.000240326
13.1926 0.000233412
13.2275 0.00011611
13.2626 0.000268221
13.2979 0.000219345
13.3333 0.000749588
13.369 0.000583887
13.4048 0.000397444
13.4409 9.60827e-05
13.4771 0.00017333
13.5135 0.000375271
13.5501 0.000157118
13.587 0.000413656
13.624 0.000463247
13.6612 0.000358105
13.6986 0.000245094
13.7363 0.000512361
13.7741 0.000330448
13.8122 0.000465155
13.8504 0.000534773
13.8889 0.000370026
13.9276 0.000367165
13.9665 0.00017786
14.0056 0.000530243
14.0449 0.000279188
14.0845 5.79357e-05
14.1243 0.000398636
14.1643 0.000658751
14.2045 0.000558615
14.245 0.000467539
14.2857 0.00033164
14.3266 0.000309706
14.3678 0.000487804
14.4092 0.000618935
14.4509 0.000412464
14.4928 0.000505209
14.5349 0.000305891
14.5773 4.05312e-05
14.6199 0.000465631
14.6628 0.000929594
14.7059 0.000384808
14.7493 0.000308275
14.7929 0.000561237
14.8368 0.000530958
14.881 0.000216007
14.9254 0.000349522
14.9701 0.000583887
15.015 0.000725746
15.0602 0.000457764
15.1057 0.000419378
15.1515 0.000538111
15.1976 0.000321627
15.2439 0.000333548
15.2905 0.000986099
15.3374 0.000423431
15.3846 0.000920296
15.4321 0.000247717
15.4799 0.000365496
15.528 0.000769138
15.5763 0.000753641
15.625 0.000498056
15.674 0.000411272
15.7233 0.000624657
15.7729 0.000494719
15.8228 0.000627041
15.873 0.000639677
15.9236 0.000124931
15.9744 0.000305176
16.0256 0.000681162
16.0772 0.000859022
16.129 0.000672102
16.1812 0.00045824
16.2338 0.000451803
16.2866 0.000447512
16.3399 0.000490904
16.3934 0.000447273
16.4474 0.000986099
16.5017 0.00137472
16.5563 0.000258684
16.6113 0.000772238
16.6667 0.000349998
16.7224 0.000374317
16.7785 0.000657797
16.835 0.000569344
16.8919 0.00067091
16.9492 0.000478744
17.0068 0.0013082
17.0648 0.00123692
17.1233 0.00114155
17.1821 0.000412941
17.2414 0.00063777
17.301 0.000311375
17.3611 0.000618219
17.4216 0.000701189
17.4825 0.00026226
17.5439 0.00140357
17.6056 0.00142455
17.6678 0.000152588
17.7305 0.000255108
17.7936 0.000972509
17.8571 0.00110054
17.9211 0.000594377
17.9856 0.000318289
18.0505 0.000531673
18.1159 0.000566244
18.1818 0.000297308
18.2482 0.00153637
18.315 0.00112343
18.3824 0.00147843
18.4502 0.000592709
18.5185 0.000355244
18.5874 0.000473976
18.6567 0.0011375
18.7266 0.000355721
18.797 0.00176048
18.8679 0.00105572
18.9394 0.000561237
19.0114 0.000866651
19.084 0.000907421
19.1571 0.00191331
19.2308 0.000937462
19.305 0.00100231
19.3798 0.000306368
19.4553 0.00163126
19.5312 0.00104857
19.6078 0.00102282
19.685 0.00187182
19.7628 0.00083065
19.8413 0.000413418
19.9203 0.00143433
20 0.000407457
20.0803 0.00093317
20.1613 0.000994444
20.2429 0.00169611
20.3252 0.000446796
20.4082 0.000505686
20.4918 0.000240564
20.5761 0.000271082
20.6612 0.000329971
20.7469 0.00203109
20.8333 0.000289202
20.9205 0.000890732
21.0084 0.000757694
21.097 0.000970602
21.1864 0.00134158
21.2766 0.00197649
21.3675 0.00147462
21.4592 0.00226116
21.5517 0.00216532
21.645 0.00111222
21.7391 0.000654221
21.8341 0.00211263
21.9298 0.00290251
22.0264 0.0013473
22.1239 0.00147891
22.2222 0.00105834
22.3214 0.00445104
22.4215 0.00259304
22.5225 0.00266123
22.6244 0.00418282
22.7273 0.0026679
22.8311 0.00290704
22.9358 0.00101924
23.0415 0.000555039
23.1481 0.00426722
23.2558 0.00188851
23.3645 0.0066464
23.4742 0.00422406
23.5849 0.00388122
23.6967 0.00552893
23.8095 0.0139961
23.9234 0.00933552
24.0385 0.00215054
24.1546 0.00338268
24.2718 0.00304651
24.3902 0.00353551
24.5098 0.00674558
24.6305 0.00964475
24.7525 0.0118914
24.8756 0.00644302
25 0.0051496
25.1256 0.0218615
25.2525 0.0167253
25.3807 0.0176303
25.5102 0.00987506
25.641 0.0125213
25.7732 0.0218492
25.9067 0.00883031
26.0417 0.0212765
26.178 0.0168636
26.3158 0.0266342
26.455 0.0417142
26.5957 0.0291357
26.738 0.114232
